1.900000000000000000e+03 7.640000000000000568e+01 4.570000000000000284e+01 4.079999999999999716e+01 4.400000000000000000e+01 1.230000000000000000e+02
1.913000000000000000e+03 9.759999999999999432e+01 5.470000000000000284e+01 4.179999999999999716e+01 5.160000000000000142e+01 1.580000000000000000e+02
1.929000000000000000e+03 1.222000000000000028e+02 5.870000000000000284e+01 4.200000000000000000e+01 6.320000000000000284e+01 1.715000000000000000e+02
1.938000000000000000e+03 1.305000000000000000e+02 6.229999999999999716e+01 4.200000000000000000e+01 7.179999999999999716e+01 1.865000000000000000e+02
1.950000000000000000e+03 1.530000000000000000e+02 6.700000000000000000e+01 4.200000000000000000e+01 8.300000000000000000e+01 2.055000000000000000e+02
1.960000000000000000e+03 1.760000000000000000e+02 7.200000000000000000e+01 4.600000000000000000e+01 9.300000000000000000e+01 2.265000000000000000e+02
1.970000000000000000e+03 2.005000000000000000e+02 7.700000000000000000e+01 5.050000000000000000e+01 1.040000000000000000e+02 2.470000000000000000e+02
1.980000000000000000e+03 2.270000000000000000e+02 7.850000000000000000e+01 5.400000000000000000e+01 1.167999999999999972e+02 2.585000000000000000e+02
1.990000000000000000e+03 2.470000000000000000e+02 7.900000000000000000e+01 5.650000000000000000e+01 1.235000000000000000e+02 2.900000000000000000e+02
2.000000000000000000e+03 2.770000000000000000e+02 8.200000000000000000e+01 5.900000000000000000e+01 1.270000000000000000e+02 2.900000000000000000e+02
