0.000000000000000000e+00 0.000000000000000000e+00
3.603603603603603434e-01 1.977868131675108998e-04
7.207207207207206867e-01 7.911394287452022667e-04
1.081081081081080919e+00 1.780034375268302327e-03
1.441441441441441373e+00 3.164432534661365537e-03
1.801801801801801606e+00 4.944279143784813257e-03
2.162162162162161838e+00 7.119503796599868650e-03
2.522522522522522515e+00 9.690020446956326694e-03
2.882882882882882747e+00 1.265572741199427753e-02
3.243243243243242979e+00 1.601650737616866493e-02
3.603603603603603212e+00 1.977222739588890832e-02
3.963963963963963888e+00 2.392273890477358833e-02
4.324324324324323676e+00 2.846787771953573909e-02
4.684684684684683909e+00 3.340746404647099155e-02
5.045045045045045029e+00 3.874130248857077241e-02
5.405405405405405261e+00 4.446918205325389728e-02
5.765765765765765494e+00 5.059087616071211713e-02
6.126126126126125726e+00 5.710614265287072833e-02
6.486486486486485958e+00 6.401472380297090758e-02
6.846846846846847079e+00 7.131634632576266952e-02
7.207207207207206423e+00 7.901072138831510827e-02
7.567567567567566655e+00 8.709754462144614351e-02
7.927927927927927776e+00 9.557649613175400738e-02
8.288288288288288896e+00 1.044472405142804483e-01
8.648648648648647352e+00 1.137094268657734553e-01
9.009009009009007585e+00 1.233626887985672660e-01
9.369369369369367817e+00 1.334066444550796593e-01
9.729729729729729826e+00 1.438408965229154290e-01
1.009009009009009006e+01 1.546650322505804809e-01
1.045045045045044851e+01 1.658786234638132129e-01
1.081081081081081052e+01 1.774812265825187474e-01
1.117117117117117076e+01 1.894723826383193366e-01
1.153153153153153099e+01 2.018516172927053987e-01
1.189189189189189122e+01 2.146184408558038381e-01
1.225225225225225145e+01 2.277723483057436660e-01
1.261261261261261168e+01 2.413128193086389039e-01
1.297297297297297192e+01 2.552393182391676785e-01
1.333333333333333215e+01 2.695512942017619373e-01
1.369369369369369416e+01 2.842481810523977970e-01
1.405405405405405261e+01 2.993293974209920716e-01
1.441441441441441285e+01 3.147943467344016533e-01
1.477477477477477485e+01 3.306424172400168615e-01
1.513513513513513331e+01 3.468729820299665256e-01
1.549549549549549532e+01 3.634853990659137057e-01
1.585585585585585555e+01 3.804790112044520445e-01
1.621621621621621401e+01 3.978531462231049698e-01
1.657657657657657779e+01 4.156071168469133159e-01
1.693693693693693447e+01 4.337402207756224648e-01
1.729729729729729470e+01 4.522517407114645671e-01
1.765765765765765849e+01 4.711409443875325120e-01
1.801801801801801517e+01 4.904070845967467562e-01
1.837837837837837895e+01 5.100493992214127914e-01
1.873873873873873563e+01 5.300671112633670301e-01
1.909909909909909587e+01 5.504594288747166608e-01
1.945945945945945965e+01 5.712255453891579293e-01
1.981981981981981633e+01 5.923646393538906096e-01
2.018018018018018012e+01 6.138758745621064605e-01
2.054054054054054035e+01 6.357584000860760920e-01
2.090090090090089703e+01 6.580113503108020456e-01
2.126126126126126081e+01 6.806338449682602931e-01
2.162162162162162105e+01 7.036249891722290428e-01
2.198198198198198128e+01 7.269838734536770986e-01
2.234234234234234151e+01 7.507095737967495186e-01
2.270270270270269819e+01 7.748011516753128269e-01
2.306306306306306197e+01 7.992576540900864224e-01
2.342342342342342221e+01 8.240781136063346501e-01
2.378378378378378244e+01 8.492615483921395203e-01
2.414414414414414267e+01 8.748069622572385295e-01
2.450450450450450290e+01 9.007133446924320275e-01
2.486486486486486314e+01 9.269796709095556864e-01
2.522522522522522337e+01 9.536049018820191847e-01
2.558558558558558360e+01 9.805879843859044431e-01
2.594594594594594383e+01 1.007927851041632294e+00
2.630630630630630407e+01 1.035623420356183155e+00
2.666666666666666430e+01 1.063673596765877249e+00
2.702702702702702453e+01 1.092077270679716605e+00
2.738738738738738832e+01 1.120833318523269950e+00
2.774774774774774500e+01 1.149940602783126042e+00
2.810810810810810523e+01 1.179397972051885457e+00
2.846846846846846546e+01 1.209204261073710818e+00
2.882882882882882569e+01 1.239358290790417705e+00
2.918918918918918592e+01 1.269858868388117346e+00
2.954954954954954971e+01 1.300704787344403313e+00
2.990990990990990639e+01 1.331894827476071130e+00
3.027027027027026662e+01 1.363427754987392992e+00
3.063063063063063041e+01 1.395302322518923166e+00
3.099099099099099064e+01 1.427517269196831862e+00
3.135135135135134732e+01 1.460071320682791995e+00
3.171171171171171110e+01 1.492963189224385534e+00
3.207207207207206778e+01 1.526191573706037197e+00
3.243243243243242802e+01 1.559755159700496607e+00
3.279279279279278825e+01 1.593652619520817826e+00
3.315315315315315559e+01 1.627882612272892882e+00
3.351351351351350871e+01 1.662443783908483796e+00
3.387387387387386894e+01 1.697334767278791956e+00
3.423423423423423628e+01 1.732554182188535963e+00
3.459459459459458941e+01 1.768100635450546854e+00
3.495495495495494964e+01 1.803972720940884011e+00
3.531531531531531698e+01 1.840169019654454008e+00
3.567567567567567011e+01 1.876688099761140149e+00
3.603603603603603034e+01 1.913528516662449386e+00
3.639639639639639768e+01 1.950688813048651049e+00
3.675675675675675791e+01 1.988167518956425184e+00
3.711711711711711104e+01 2.025963151827009590e+00
3.747747747747747127e+01 2.064074216564850683e+00
3.783783783783783861e+01 2.102499205596739529e+00
3.819819819819819173e+01 2.141236598931450796e+00
3.855855855855855197e+01 2.180284864219869334e+00
3.891891891891891930e+01 2.219642456815604792e+00
3.927927927927927954e+01 2.259307819836092968e+00
3.963963963963963266e+01 2.299279384224187872e+00
4.000000000000000000e+01 2.339555568810220088e+00
4.036036036036036023e+01 2.380134780374548953e+00
4.072072072072071336e+01 2.421015413710589925e+00
4.108108108108108070e+01 2.462195851688304682e+00
4.144144144144144093e+01 2.503674465318174391e+00
4.180180180180179406e+01 2.545449613815637946e+00
4.216216216216216139e+01 2.587519644665997376e+00
4.252252252252252163e+01 2.629882893689786449e+00
4.288288288288288186e+01 2.672537685108601124e+00
4.324324324324324209e+01 2.715482331611390521e+00
4.360360360360360232e+01 2.758715134421198201e+00
4.396396396396396256e+01 2.802234383362364412e+00
4.432432432432431568e+01 2.846038356928179969e+00
4.468468468468468302e+01 2.890125322348976233e+00
4.504504504504504325e+01 2.934493535660676056e+00
4.540540540540539638e+01 2.979141241773773707e+00
4.576576576576576372e+01 3.024066674542770450e+00
4.612612612612612395e+01 3.069268056836028435e+00
4.648648648648648418e+01 3.114743600606078022e+00
4.684684684684684441e+01 3.160491506960343422e+00
4.720720720720720465e+01 3.206509966232302666e+00
4.756756756756756488e+01 3.252797158053073456e+00
4.792792792792792511e+01 3.299351251423426667e+00
4.828828828828828534e+01 3.346170404786206198e+00
4.864864864864864558e+01 3.393252766099185358e+00
4.900900900900900581e+01 3.440596472908322490e+00
4.936936936936936604e+01 3.488199652421442032e+00
4.972972972972972627e+01 3.536060421582306823e+00
5.009009009009008651e+01 3.584176887145116286e+00
5.045045045045044674e+01 3.632547145749394080e+00
5.081081081081080697e+01 3.681169283995278096e+00
5.117117117117116720e+01 3.730041378519214135e+00
5.153153153153152743e+01 3.779161496070039483e+00
5.189189189189188767e+01 3.828527693585447089e+00
5.225225225225224790e+01 3.878138018268862730e+00
5.261261261261260813e+01 3.927990507666683229e+00
5.297297297297296836e+01 3.978083189745904580e+00
5.333333333333332860e+01 4.028414082972137322e+00
5.369369369369369593e+01 4.078981196387988284e+00
5.405405405405404906e+01 4.129782529691813586e+00
5.441441441441440929e+01 4.180816073316847792e+00
5.477477477477477663e+01 4.232079808510702534e+00
5.513513513513512976e+01 4.283571707415212870e+00
5.549549549549548999e+01 4.335289733146660218e+00
5.585585585585585022e+01 4.387231839876347905e+00
5.621621621621621046e+01 4.439395972911523991e+00
5.657657657657657069e+01 4.491780068776659363e+00
5.693693693693693092e+01 4.544382055295079326e+00
5.729729729729729826e+01 4.597199851670930038e+00
5.765765765765765138e+01 4.650231368571482449e+00
5.801801801801801162e+01 4.703474508209794180e+00
5.837837837837837185e+01 4.756927164427681376e+00
5.873873873873873208e+01 4.810587222779040495e+00
5.909909909909909942e+01 4.864452560613483634e+00
5.945945945945945965e+01 4.918521047160306914e+00
5.981981981981981278e+01 4.972790543612781278e+00
6.018018018018017301e+01 5.027258903212757701e+00
6.054054054054053324e+01 5.081923971335582380e+00
6.090090090090089348e+01 5.136783585575330768e+00
6.126126126126126081e+01 5.191835575830352489e+00
6.162162162162162105e+01 5.247077764389100452e+00
6.198198198198198128e+01 5.302507966016291263e+00
6.234234234234233440e+01 5.358123988039338315e+00
6.270270270270269464e+01 5.413923630435090395e+00
6.306306306306305487e+01 5.469904685916857190e+00
6.342342342342342221e+01 5.526064940021731431e+00
6.378378378378378244e+01 5.582402171198168617e+00
6.414414414414413557e+01 5.638914150893889143e+00
6.450450450450449580e+01 5.695598643644017578e+00
6.486486486486485603e+01 5.752453407159521248e+00
6.522522522522521626e+01 5.809476192415898410e+00
6.558558558558557650e+01 5.866664743742157739e+00
6.594594594594595094e+01 5.924016798910036741e+00
6.630630630630631117e+01 5.981530089223488389e+00
6.666666666666665719e+01 6.039202339608431558e+00
6.702702702702701743e+01 6.097031268702743922e+00
6.738738738738737766e+01 6.155014588946507992e+00
6.774774774774773789e+01 6.213150006672497838e+00
6.810810810810811233e+01 6.271435222196913628e+00
6.846846846846847257e+01 6.329867929910346191e+00
6.882882882882883280e+01 6.388445818368988505e+00
6.918918918918917882e+01 6.447166570386063000e+00
6.954954954954953905e+01 6.506027863123488686e+00
6.990990990990989928e+01 6.565027368183765866e+00
7.027027027027025952e+01 6.624162751702074914e+00
7.063063063063063396e+01 6.683431674438608638e+00
7.099099099099099419e+01 6.742831791871093827e+00
7.135135135135134021e+01 6.802360754287546385e+00
7.171171171171170045e+01 6.862016206879212099e+00
7.207207207207206068e+01 6.921795789833719681e+00
7.243243243243242091e+01 6.981697138428430982e+00
7.279279279279279535e+01 7.041717883123974175e+00
7.315315315315315559e+01 7.101855649657987435e+00
7.351351351351351582e+01 7.162108059139030480e+00
7.387387387387386184e+01 7.222472728140693299e+00
7.423423423423422207e+01 7.282947268795871842e+00
7.459459459459458230e+01 7.343529288891234685e+00
7.495495495495494254e+01 7.404216391961842447e+00
7.531531531531531698e+01 7.465006177385951958e+00
7.567567567567567721e+01 7.525896240479974963e+00
7.603603603603603744e+01 7.586884172593606479e+00
7.639639639639638347e+01 7.647967561205097908e+00
7.675675675675674370e+01 7.709143990016698034e+00
7.711711711711710393e+01 7.770411039050225455e+00
7.747747747747747837e+01 7.831766284742807116e+00
7.783783783783783861e+01 7.893207300042735852e+00
7.819819819819819884e+01 7.954731654505490468e+00
7.855855855855855907e+01 8.016336914389869506e+00
7.891891891891890509e+01 8.078020642754268010e+00
7.927927927927926532e+01 8.139780399553078638e+00
7.963963963963963977e+01 8.201613741733201124e+00
8.000000000000000000e+01 8.263518223330695633e+00
8.036036036036036023e+01 8.325491395567537367e+00
8.072072072072072046e+01 8.387530806948475970e+00
8.108108108108106649e+01 8.449634003358019285e+00
8.144144144144142672e+01 8.511798528157507704e+00
8.180180180180178695e+01 8.574021922282287989e+00
8.216216216216216139e+01 8.636301724338999009e+00
8.252252252252252163e+01 8.698635470702921424e+00
8.288288288288288186e+01 8.761020695615448162e+00
8.324324324324324209e+01 8.823454931281611735e+00
8.360360360360358811e+01 8.885935707967714592e+00
8.396396396396394834e+01 8.948460554099014530e+00
8.432432432432432279e+01 9.011026996357502483e+00
8.468468468468468302e+01 9.073632559779726492e+00
8.504504504504504325e+01 9.136274767854715151e+00
8.540540540540540349e+01 9.198951142621927701e+00
8.576576576576576372e+01 9.261659204769278730e+00
8.612612612612610974e+01 9.324396473731212609e+00
8.648648648648648418e+01 9.387160467786836548e+00
8.684684684684684441e+01 9.449948704158067869e+00
8.720720720720720465e+01 9.512758699107877192e+00
8.756756756756756488e+01 9.575587968038515641e+00
8.792792792792792511e+01 9.638434025589807774e+00
8.828828828828828534e+01 9.701294385737465831e+00
8.864864864864863137e+01 9.764166561891428842e+00
8.900900900900900581e+01 9.827048066994224840e+00
8.936936936936936604e+01 9.889936413619352606e+00
8.972972972972972627e+01 9.952829114069677630e+00
9.009009009009008651e+01 1.001572368047584405e+01
9.045045045045044674e+01 1.007861762489467949e+01
9.081081081081079276e+01 1.014150845940761769e+01
9.117117117117116720e+01 1.020439369621911396e+01
9.153153153153152743e+01 1.026727084775504828e+01
9.189189189189188767e+01 1.033013742676113367e+01
9.225225225225224790e+01 1.039299094640131038e+01
9.261261261261260813e+01 1.045582892035610989e+01
9.297297297297296836e+01 1.051864886292100820e+01
9.333333333333331439e+01 1.058144828910475610e+01
9.369369369369368883e+01 1.064422471472768095e+01
9.405405405405404906e+01 1.070697565651994587e+01
9.441441441441440929e+01 1.076969863221979296e+01
9.477477477477476953e+01 1.083239116067172603e+01
9.513513513513512976e+01 1.089505076192466326e+01
9.549549549549548999e+01 1.095767495733003649e+01
9.585585585585585022e+01 1.102026126963983899e+01
9.621621621621621046e+01 1.108280722310461819e+01
9.657657657657657069e+01 1.114531034357140804e+01
9.693693693693693092e+01 1.120776815858160980e+01
9.729729729729729115e+01 1.127017819746878580e+01
9.765765765765765138e+01 1.133253799145639462e+01
9.801801801801801162e+01 1.139484507375545341e+01
9.837837837837837185e+01 1.145709697966211316e+01
9.873873873873873208e+01 1.151929124665515403e+01
9.909909909909909231e+01 1.158142541449340612e+01
9.945945945945945255e+01 1.164349702531305830e+01
9.981981981981981278e+01 1.170550362372489595e+01
1.001801801801801730e+02 1.176744275691141262e+01
1.005405405405405332e+02 1.182931197472386664e+01
1.009009009009008935e+02 1.189110882977916184e+01
1.012612612612612537e+02 1.195283087755669982e+01
1.016216216216216139e+02 1.201447567649505110e+01
1.019819819819819742e+02 1.207604078808854808e+01
1.023423423423423344e+02 1.213752377698375362e+01
1.027027027027026946e+02 1.219892221107577512e+01
1.030630630630630549e+02 1.226023366160448980e+01
1.034234234234234151e+02 1.232145570325061357e+01
1.037837837837837753e+02 1.238258591423164745e+01
1.041441441441441356e+02 1.244362187639766759e+01
1.045045045045044958e+02 1.250456117532698208e+01
1.048648648648648560e+02 1.256540140042164744e+01
1.052252252252252163e+02 1.262614014500281812e+01
1.055855855855855765e+02 1.268677500640594324e+01
1.059459459459459367e+02 1.274730358607582659e+01
1.063063063063062970e+02 1.280772348966149110e+01
1.066666666666666572e+02 1.286803232711089962e+01
1.070270270270270174e+02 1.292822771276550142e+01
1.073873873873873919e+02 1.298830726545459768e+01
1.077477477477477379e+02 1.304826860858953097e+01
1.081081081081080981e+02 1.310810937025770961e+01
1.084684684684684584e+02 1.316782718331642599e+01
1.088288288288288186e+02 1.322741968548649005e+01
1.091891891891891788e+02 1.328688451944568527e+01
1.095495495495495533e+02 1.334621933292201312e+01
1.099099099099099135e+02 1.340542177878673513e+01
1.102702702702702595e+02 1.346448951514723369e+01
1.106306306306306197e+02 1.352342020543964018e+01
1.109909909909909800e+02 1.358221151852127306e+01
1.113513513513513402e+02 1.364086112876283607e+01
1.117117117117117004e+02 1.369936671614043178e+01
1.120720720720720749e+02 1.375772596632732103e+01
1.124324324324324209e+02 1.381593657078548354e+01
1.127927927927927811e+02 1.387399622685692790e+01
1.131531531531531414e+02 1.393190263785478678e+01
1.135135135135135016e+02 1.398965351315416150e+01
1.138738738738738618e+02 1.404724656828273233e+01
1.142342342342342363e+02 1.410467952501113587e+01
1.145945945945945965e+02 1.416195011144307614e+01
1.149549549549549425e+02 1.421905606210519224e+01
1.153153153153153028e+02 1.427599511803668975e+01
1.156756756756756630e+02 1.433276502687868437e+01
1.160360360360360232e+02 1.438936354296330222e+01
1.163963963963963835e+02 1.444578842740252433e+01
1.167567567567567437e+02 1.450203744817672913e+01
1.171171171171171039e+02 1.455810838022300935e+01
1.174774774774774642e+02 1.461399900552316922e+01
1.178378378378378386e+02 1.466970711319147824e+01
1.181981981981981988e+02 1.472523049956211949e+01
1.185585585585585591e+02 1.478056696827636074e+01
1.189189189189189193e+02 1.483571433036944320e+01
1.192792792792792795e+02 1.489067040435716649e+01
1.196396396396396256e+02 1.494543301632218402e+01
1.199999999999999858e+02 1.499999999999999822e+01
1.203603603603603460e+02 1.505436919686464314e+01
1.207207207207207063e+02 1.510853845621408453e+01
1.210810810810810665e+02 1.516250563525528250e+01
1.214414414414414267e+02 1.521626859918897345e+01
1.218018018018017870e+02 1.526982522129409325e+01
1.221621621621621472e+02 1.532317338301191612e+01
1.225225225225225216e+02 1.537631097402987201e+01
1.228828828828828819e+02 1.542923589236499282e+01
1.232432432432432421e+02 1.548194604444709732e+01
1.236036036036036023e+02 1.553443934520158365e+01
1.239639639639639626e+02 1.558671371813191975e+01
1.243243243243243228e+02 1.563876709540177856e+01
1.246846846846846688e+02 1.569059741791683571e+01
1.250450450450450290e+02 1.574220263540623321e+01
1.254054054054053893e+02 1.579358070650366663e+01
1.257657657657657495e+02 1.584472959882814713e+01
1.261261261261261097e+02 1.589564728906438873e+01
1.264864864864864700e+02 1.594633176304286337e+01
1.268468468468468444e+02 1.599678101581944745e+01
1.272072072072072046e+02 1.604699305175475388e+01
1.275675675675675649e+02 1.609696588459306810e+01
1.279279279279279251e+02 1.614669753754092341e+01
1.282882882882882711e+02 1.619618604334528555e+01
1.286486486486486456e+02 1.624542944437138559e+01
1.290090090090089916e+02 1.629442579268015479e+01
1.293693693693693660e+02 1.634317315010527594e+01
1.297297297297297121e+02 1.639166958832984733e+01
1.300900900900900865e+02 1.643991318896268083e+01
1.304504504504504325e+02 1.648790204361417011e+01
1.308108108108107785e+02 1.653563425397178932e+01
1.311711711711711530e+02 1.658310793187518328e+01
1.315315315315315274e+02 1.663032119939086328e+01
1.318918918918919019e+02 1.667727218888648366e+01
1.322522522522522479e+02 1.672395904310472403e+01
1.326126126126126223e+02 1.677037991523676297e+01
1.329729729729729684e+02 1.681653296899532890e+01
1.333333333333333144e+02 1.686241637868733534e+01
1.336936936936936888e+02 1.690802832928610755e+01
1.340540540540540349e+02 1.695336701650317579e+01
1.344144144144144093e+02 1.699843064685964933e+01
1.347747747747747553e+02 1.704321743775716058e+01
1.351351351351351298e+02 1.708772561754837938e+01
1.354954954954954758e+02 1.713195342560709733e+01
1.358558558558558218e+02 1.717589911239787526e+01
1.362162162162162247e+02 1.721956093954524292e+01
1.365765765765765707e+02 1.726293717990246890e+01
1.369369369369369451e+02 1.730602611761988641e+01
1.372972972972972912e+02 1.734882604821275720e+01
1.376576576576576656e+02 1.739133527862870920e+01
1.380180180180180116e+02 1.743355212731469805e+01
1.383783783783783576e+02 1.747547492428353522e+01
1.387387387387387321e+02 1.751710201117992938e+01
1.390990990990990781e+02 1.755843174134611573e+01
1.394594594594594525e+02 1.759946247988697365e+01
1.398198198198197986e+02 1.764019260373468967e+01
1.401801801801801730e+02 1.768062050171299404e+01
1.405405405405405190e+02 1.772074457460085739e+01
1.409009009009008935e+02 1.776056323519578939e+01
1.412612612612612679e+02 1.780007490837658324e+01
1.416216216216216139e+02 1.783927803116565514e+01
1.419819819819819884e+02 1.787817105279086860e+01
1.423423423423423344e+02 1.791675243474685075e+01
1.427027027027026804e+02 1.795502065085589649e+01
1.430630630630630549e+02 1.799297418732830067e+01
1.434234234234234009e+02 1.803061154282225331e+01
1.437837837837837753e+02 1.806793122850324096e+01
1.441441441441441214e+02 1.810493176810291871e+01
1.445045045045044958e+02 1.814161169797752748e+01
1.448648648648648418e+02 1.817796956716577483e+01
1.452252252252252163e+02 1.821400393744625035e+01
1.455855855855855907e+02 1.824971338339430105e+01
1.459459459459459367e+02 1.828509649243842006e+01
1.463063063063063112e+02 1.832015186491613434e+01
1.466666666666666572e+02 1.835487811412936310e+01
1.470270270270270316e+02 1.838927386639927164e+01
1.473873873873873777e+02 1.842333776112061727e+01
1.477477477477477237e+02 1.845706845081555869e+01
1.481081081081080981e+02 1.849046460118697865e+01
1.484684684684684441e+02 1.852352489117123824e+01
1.488288288288288186e+02 1.855624801299046567e+01
1.491891891891891646e+02 1.858863267220425541e+01
1.495495495495495391e+02 1.862067758776091253e+01
1.499099099099098851e+02 1.865238149204807883e+01
1.502702702702702595e+02 1.868374313094292560e+01
1.506306306306306340e+02 1.871476126386172467e+01
1.509909909909909800e+02 1.874543466380893975e+01
1.513513513513513544e+02 1.877576211742577783e+01
1.517117117117117004e+02 1.880574242503814730e+01
1.520720720720720749e+02 1.883537440070415414e+01
1.524324324324324209e+02 1.886465687226098709e+01
1.527927927927927669e+02 1.889358868137130187e+01
1.531531531531531414e+02 1.892216868356903703e+01
1.535135135135134874e+02 1.895039574830467899e+01
1.538738738738738618e+02 1.897826875898999077e+01
1.542342342342342079e+02 1.900578661304218286e+01
1.545945945945945823e+02 1.903294822192752278e+01
1.549549549549549567e+02 1.905975251120439751e+01
1.553153153153153028e+02 1.908619842056581817e+01
1.556756756756756772e+02 1.911228490388135626e+01
1.560360360360360232e+02 1.913801092923853275e+01
1.563963963963963977e+02 1.916337547898363169e+01
1.567567567567567437e+02 1.918837754976195953e+01
1.571171171171171181e+02 1.921301615255753958e+01
1.574774774774774642e+02 1.923729031273222390e+01
1.578378378378378102e+02 1.926119907006425791e+01
1.581981981981981846e+02 1.928474147878625544e+01
1.585585585585585306e+02 1.930791660762261941e+01
1.589189189189189051e+02 1.933072353982637281e+01
1.592792792792792795e+02 1.935316137321542840e+01
1.596396396396396256e+02 1.937522922020827565e+01
1.600000000000000000e+02 1.939692620785908517e+01
1.603603603603603460e+02 1.941825147789224815e+01
1.607207207207207205e+02 1.943920418673632966e+01
1.610810810810810665e+02 1.945978350555742509e+01
1.614414414414414409e+02 1.947998862029195166e+01
1.618018018018017870e+02 1.949981873167887159e+01
1.621621621621621330e+02 1.951927305529126500e+01
1.625225225225225074e+02 1.953835082156740199e+01
1.628828828828828534e+02 1.955705127584116809e+01
1.632432432432432279e+02 1.957537367837190700e+01
1.636036036036035739e+02 1.959331730437370211e+01
1.639639639639639768e+02 1.961088144404402911e+01
1.643243243243243228e+02 1.962806540259184374e+01
1.646846846846846688e+02 1.964486850026506914e+01
1.650450450450450433e+02 1.966129007237747572e+01
1.654054054054053893e+02 1.967732946933498894e+01
1.657657657657657637e+02 1.969298605666135416e+01
1.661261261261261097e+02 1.970825921502327560e+01
1.664864864864864842e+02 1.972314834025489105e+01
1.668468468468468302e+02 1.973765284338166737e+01
1.672072072072071762e+02 1.975177215064372049e+01
1.675675675675675507e+02 1.976550570351849245e+01
1.679279279279278967e+02 1.977885295874284921e+01
1.682882882882882711e+02 1.979181338833457815e+01
1.686486486486486456e+02 1.980438647961326737e+01
1.690090090090090200e+02 1.981657173522058102e+01
1.693693693693693660e+02 1.982836867313994844e+01
1.697297297297297121e+02 1.983977682671561382e+01
1.700900900900900865e+02 1.985079574467111385e+01
1.704504504504504325e+02 1.986142499112711590e+01
1.708108108108108070e+02 1.987166414561865579e+01
1.711711711711711530e+02 1.988151280311179292e+01
1.715315315315315274e+02 1.989097057401961166e+01
1.718918918918918735e+02 1.990003708421763662e+01
1.722522522522522195e+02 1.990871197505863677e+01
1.726126126126125939e+02 1.991699490338680789e+01
1.729729729729729684e+02 1.992488554155134750e+01
1.733333333333333428e+02 1.993238357741942934e+01
1.736936936936936888e+02 1.993948871438852422e+01
1.740540540540540349e+02 1.994620067139814878e+01
1.744144144144144093e+02 1.995251918294098914e+01
1.747747747747747553e+02 1.995844399907339550e+01
1.751351351351351298e+02 1.996397488542526588e+01
1.754954954954954758e+02 1.996911162320932220e+01
1.758558558558558502e+02 1.997385400922976117e+01
1.762162162162161962e+02 1.997820185589030828e+01
1.765765765765765707e+02 1.998215499120160743e+01
1.769369369369369167e+02 1.998571325878805993e+01
1.772972972972972627e+02 1.998887651789397779e+01
1.776576576576576656e+02 1.999164464338917568e+01
1.780180180180180116e+02 1.999401752577391278e+01
1.783783783783783861e+02 1.999599507118321640e+01
1.787387387387387321e+02 1.999757720139060524e+01
1.790990990990990781e+02 1.999876385381118382e+01
1.794594594594594525e+02 1.999955498150411159e+01
1.798198198198197986e+02 1.999995055317445747e+01
1.801801801801801730e+02 1.999995055317445747e+01
1.805405405405405190e+02 1.999955498150411159e+01
1.809009009009008935e+02 1.999876385381118382e+01
1.812612612612612395e+02 1.999757720139060524e+01
1.816216216216215855e+02 1.999599507118321640e+01
1.819819819819819600e+02 1.999401752577391278e+01
1.823423423423423344e+02 1.999164464338917924e+01
1.827027027027027088e+02 1.998887651789397779e+01
1.830630630630630549e+02 1.998571325878805993e+01
1.834234234234234293e+02 1.998215499120160743e+01
1.837837837837837753e+02 1.997820185589030828e+01
1.841441441441441214e+02 1.997385400922976117e+01
1.845045045045044958e+02 1.996911162320932220e+01
1.848648648648648418e+02 1.996397488542526588e+01
1.852252252252252163e+02 1.995844399907339550e+01
1.855855855855855623e+02 1.995251918294098914e+01
1.859459459459459367e+02 1.994620067139814878e+01
1.863063063063062827e+02 1.993948871438852422e+01
1.866666666666666288e+02 1.993238357741942934e+01
1.870270270270270316e+02 1.992488554155134750e+01
1.873873873873873777e+02 1.991699490338680789e+01
1.877477477477477521e+02 1.990871197505863677e+01
1.881081081081080981e+02 1.990003708421764017e+01
1.884684684684684726e+02 1.989097057401961521e+01
1.888288288288288186e+02 1.988151280311179647e+01
1.891891891891891646e+02 1.987166414561865935e+01
1.895495495495495391e+02 1.986142499112711590e+01
1.899099099099098851e+02 1.985079574467111385e+01
1.902702702702702595e+02 1.983977682671561737e+01
1.906306306306306055e+02 1.982836867313994844e+01
1.909909909909909800e+02 1.981657173522058457e+01
1.913513513513513260e+02 1.980438647961326737e+01
1.917117117117117004e+02 1.979181338833458170e+01
1.920720720720720749e+02 1.977885295874285276e+01
1.924324324324324209e+02 1.976550570351849245e+01
1.927927927927927954e+02 1.975177215064372405e+01
1.931531531531531414e+02 1.973765284338167092e+01
1.935135135135134874e+02 1.972314834025489105e+01
1.938738738738738618e+02 1.970825921502327915e+01
1.942342342342342079e+02 1.969298605666135771e+01
1.945945945945945823e+02 1.967732946933498894e+01
1.949549549549549283e+02 1.966129007237748283e+01
1.953153153153153028e+02 1.964486850026507270e+01
1.956756756756756488e+02 1.962806540259184374e+01
1.960360360360360232e+02 1.961088144404402911e+01
1.963963963963963977e+02 1.959331730437370211e+01
1.967567567567567437e+02 1.957537367837190700e+01
1.971171171171171181e+02 1.955705127584117164e+01
1.974774774774774642e+02 1.953835082156740555e+01
1.978378378378378386e+02 1.951927305529126500e+01
1.981981981981981846e+02 1.949981873167887159e+01
1.985585585585585306e+02 1.947998862029195521e+01
1.989189189189189051e+02 1.945978350555742509e+01
1.992792792792792511e+02 1.943920418673632966e+01
1.996396396396396256e+02 1.941825147789224815e+01
1.999999999999999716e+02 1.939692620785908517e+01
2.003603603603603460e+02 1.937522922020827565e+01
2.007207207207207205e+02 1.935316137321542840e+01
2.010810810810810665e+02 1.933072353982637637e+01
2.014414414414414409e+02 1.930791660762262296e+01
2.018018018018017870e+02 1.928474147878625899e+01
2.021621621621621614e+02 1.926119907006425791e+01
2.025225225225225074e+02 1.923729031273222745e+01
2.028828828828828819e+02 1.921301615255753958e+01
2.032432432432432279e+02 1.918837754976195953e+01
2.036036036036035739e+02 1.916337547898363169e+01
2.039639639639639483e+02 1.913801092923853275e+01
2.043243243243242944e+02 1.911228490388135981e+01
2.046846846846846688e+02 1.908619842056582172e+01
2.050450450450450148e+02 1.905975251120440106e+01
2.054054054054053893e+02 1.903294822192752278e+01
2.057657657657657637e+02 1.900578661304218286e+01
2.061261261261261097e+02 1.897826875898999432e+01
2.064864864864864842e+02 1.895039574830467899e+01
2.068468468468468302e+02 1.892216868356904058e+01
2.072072072072072046e+02 1.889358868137130543e+01
2.075675675675675507e+02 1.886465687226099064e+01
2.079279279279279251e+02 1.883537440070415414e+01
2.082882882882882711e+02 1.880574242503815086e+01
2.086486486486486172e+02 1.877576211742577783e+01
2.090090090090089916e+02 1.874543466380894330e+01
2.093693693693693376e+02 1.871476126386172467e+01
2.097297297297297121e+02 1.868374313094292916e+01
2.100900900900900865e+02 1.865238149204808238e+01
2.104504504504504325e+02 1.862067758776091608e+01
2.108108108108108070e+02 1.858863267220426252e+01
2.111711711711711530e+02 1.855624801299046922e+01
2.115315315315315274e+02 1.852352489117124179e+01
2.118918918918918735e+02 1.849046460118697865e+01
2.122522522522522479e+02 1.845706845081556224e+01
2.126126126126125939e+02 1.842333776112062083e+01
2.129729729729729399e+02 1.838927386639927519e+01
2.133333333333333144e+02 1.835487811412936665e+01
2.136936936936936604e+02 1.832015186491613790e+01
2.140540540540540349e+02 1.828509649243842361e+01
2.144144144144143809e+02 1.824971338339430460e+01
2.147747747747747837e+02 1.821400393744625390e+01
2.151351351351351298e+02 1.817796956716577839e+01
2.154954954954954758e+02 1.814161169797753104e+01
2.158558558558558502e+02 1.810493176810292226e+01
2.162162162162161962e+02 1.806793122850324451e+01
2.165765765765765707e+02 1.803061154282226042e+01
2.169369369369369167e+02 1.799297418732830423e+01
2.172972972972972912e+02 1.795502065085590004e+01
2.176576576576576372e+02 1.791675243474685786e+01
2.180180180180179832e+02 1.787817105279087215e+01
2.183783783783783576e+02 1.783927803116565869e+01
2.187387387387387037e+02 1.780007490837658679e+01
2.190990990990991065e+02 1.776056323519579294e+01
2.194594594594594525e+02 1.772074457460086094e+01
2.198198198198198270e+02 1.768062050171299759e+01
2.201801801801801730e+02 1.764019260373469677e+01
2.205405405405405190e+02 1.759946247988697721e+01
2.209009009009008935e+02 1.755843174134611928e+01
2.212612612612612395e+02 1.751710201117993648e+01
2.216216216216216139e+02 1.747547492428353877e+01
2.219819819819819600e+02 1.743355212731470516e+01
2.223423423423423344e+02 1.739133527862871631e+01
2.227027027027026804e+02 1.734882604821276075e+01
2.230630630630630264e+02 1.730602611761988996e+01
2.234234234234234009e+02 1.726293717990247245e+01
2.237837837837837753e+02 1.721956093954524647e+01
2.241441441441441498e+02 1.717589911239787881e+01
2.245045045045044958e+02 1.713195342560710088e+01
2.248648648648648418e+02 1.708772561754838293e+01
2.252252252252252163e+02 1.704321743775716769e+01
2.255855855855855623e+02 1.699843064685965288e+01
2.259459459459459367e+02 1.695336701650318290e+01
2.263063063063062827e+02 1.690802832928611110e+01
2.266666666666666572e+02 1.686241637868733889e+01
2.270270270270270032e+02 1.681653296899533245e+01
2.273873873873873777e+02 1.677037991523676652e+01
2.277477477477477237e+02 1.672395904310473114e+01
2.281081081081080697e+02 1.667727218888649077e+01
2.284684684684684726e+02 1.663032119939087039e+01
2.288288288288288186e+02 1.658310793187519039e+01
2.291891891891891930e+02 1.653563425397179287e+01
2.295495495495495106e+02 1.648790204361418077e+01
2.299099099099098851e+02 1.643991318896268794e+01
2.302702702702702311e+02 1.639166958832985443e+01
2.306306306306306055e+02 1.634317315010527949e+01
2.309909909909910084e+02 1.629442579268015834e+01
2.313513513513513260e+02 1.624542944437139269e+01
2.317117117117117004e+02 1.619618604334528555e+01
2.320720720720720465e+02 1.614669753754092696e+01
2.324324324324324209e+02 1.609696588459307165e+01
2.327927927927927669e+02 1.604699305175475743e+01
2.331531531531531414e+02 1.599678101581945100e+01
2.335135135135134874e+02 1.594633176304287048e+01
2.338738738738738618e+02 1.589564728906439584e+01
2.342342342342342079e+02 1.584472959882815601e+01
2.345945945945945823e+02 1.579358070650367374e+01
2.349549549549549283e+02 1.574220263540624387e+01
2.353153153153153028e+02 1.569059741791684282e+01
2.356756756756756772e+02 1.563876709540177856e+01
2.360360360360360232e+02 1.558671371813192508e+01
2.363963963963963977e+02 1.553443934520158720e+01
2.367567567567567437e+02 1.548194604444710265e+01
2.371171171171171181e+02 1.542923589236499637e+01
2.374774774774774357e+02 1.537631097402987734e+01
2.378378378378378386e+02 1.532317338301192322e+01
2.381981981981981562e+02 1.526982522129410214e+01
2.385585585585585591e+02 1.521626859918898056e+01
2.389189189189188767e+02 1.516250563525529493e+01
2.392792792792792511e+02 1.510853845621408809e+01
2.396396396396395971e+02 1.505436919686465203e+01
2.399999999999999716e+02 1.500000000000000355e+01
2.403603603603603744e+02 1.494543301632218757e+01
2.407207207207206920e+02 1.489067040435717360e+01
2.410810810810810949e+02 1.483571433036944498e+01
2.414414414414414125e+02 1.478056696827636429e+01
2.418018018018017870e+02 1.472523049956212127e+01
2.421621621621621330e+02 1.466970711319148535e+01
2.425225225225225074e+02 1.461399900552317455e+01
2.428828828828828534e+02 1.455810838022301823e+01
2.432432432432432279e+02 1.450203744817673623e+01
2.436036036036035739e+02 1.444578842740253499e+01
2.439639639639639483e+02 1.438936354296330933e+01
2.443243243243242944e+02 1.433276502687869325e+01
2.446846846846846688e+02 1.427599511803669508e+01
2.450450450450450433e+02 1.421905606210519224e+01
2.454054054054053893e+02 1.416195011144308324e+01
2.457657657657657637e+02 1.410467952501113942e+01
2.461261261261261097e+02 1.404724656828274121e+01
2.464864864864864842e+02 1.398965351315416505e+01
2.468468468468468302e+02 1.393190263785479566e+01
2.472072072072072046e+02 1.387399622685693323e+01
2.475675675675675222e+02 1.381593657078549242e+01
2.479279279279279251e+02 1.375772596632732458e+01
2.482882882882882427e+02 1.369936671614043888e+01
2.486486486486486456e+02 1.364086112876284318e+01
2.490090090090089632e+02 1.358221151852128372e+01
2.493693693693693376e+02 1.352342020543964907e+01
2.497297297297297405e+02 1.346448951514723547e+01
2.500900900900900581e+02 1.340542177878674224e+01
2.504504504504504609e+02 1.334621933292201490e+01
2.508108108108107785e+02 1.328688451944569415e+01
2.511711711711711530e+02 1.322741968548649538e+01
2.515315315315314990e+02 1.316782718331643309e+01
2.518918918918918735e+02 1.310810937025771494e+01
2.522522522522522195e+02 1.304826860858953985e+01
2.526126126126125939e+02 1.298830726545460124e+01
2.529729729729729399e+02 1.292822771276551208e+01
2.533333333333333144e+02 1.286803232711090672e+01
2.536936936936936888e+02 1.280772348966149288e+01
2.540540540540540349e+02 1.274730358607583369e+01
2.544144144144144093e+02 1.268677500640594502e+01
2.547747747747747553e+02 1.262614014500282522e+01
2.551351351351351298e+02 1.256540140042165277e+01
2.554954954954954758e+02 1.250456117532699096e+01
2.558558558558558502e+02 1.244362187639767292e+01
2.562162162162161962e+02 1.238258591423165633e+01
2.565765765765765423e+02 1.232145570325061890e+01
2.569369369369368883e+02 1.226023366160449868e+01
2.572972972972972912e+02 1.219892221107578045e+01
2.576576576576576372e+02 1.213752377698376606e+01
2.580180180180179832e+02 1.207604078808855874e+01
2.583783783783783861e+02 1.201447567649505288e+01
2.587387387387387321e+02 1.195283087755670692e+01
2.590990990990990781e+02 1.189110882977916361e+01
2.594594594594594241e+02 1.182931197472387197e+01
2.598198198198198270e+02 1.176744275691141794e+01
2.601801801801801730e+02 1.170550362372490483e+01
2.605405405405405190e+02 1.164349702531306363e+01
2.609009009009008651e+02 1.158142541449341678e+01
2.612612612612612679e+02 1.151929124665515936e+01
2.616216216216215571e+02 1.145709697966212204e+01
2.619819819819819600e+02 1.139484507375545874e+01
2.623423423423423060e+02 1.133253799145640528e+01
2.627027027027027088e+02 1.127017819746879113e+01
2.630630630630630549e+02 1.120776815858161157e+01
2.634234234234234009e+02 1.114531034357141515e+01
2.637837837837838038e+02 1.108280722310461996e+01
2.641441441441440929e+02 1.102026126963984609e+01
2.645045045045044958e+02 1.095767495733004182e+01
2.648648648648648418e+02 1.089505076192467392e+01
2.652252252252252447e+02 1.083239116067172958e+01
2.655855855855855339e+02 1.076969863221980184e+01
2.659459459459459367e+02 1.070697565651995120e+01
2.663063063063062827e+02 1.064422471472768983e+01
2.666666666666666288e+02 1.058144828910476321e+01
2.670270270270269748e+02 1.051864886292101886e+01
2.673873873873873777e+02 1.045582892035611877e+01
2.677477477477477805e+02 1.039299094640131571e+01
2.681081081081080697e+02 1.033013742676114077e+01
2.684684684684684726e+02 1.026727084775505006e+01
2.688288288288288186e+02 1.020439369621912107e+01
2.691891891891891646e+02 1.014150845940762125e+01
2.695495495495495106e+02 1.007861762489469015e+01
2.699099099099099135e+02 1.001572368047584938e+01
2.702702702702702595e+02 9.952829114069686511e+00
2.706306306306306055e+02 9.889936413619356159e+00
2.709909909909909516e+02 9.827048066994233722e+00
2.713513513513513544e+02 9.764166561891435947e+00
2.717117117117116436e+02 9.701294385737478265e+00
2.720720720720720465e+02 9.638434025589814880e+00
2.724324324324324493e+02 9.575587968038517417e+00
2.727927927927927954e+02 9.512758699107884297e+00
2.731531531531531414e+02 9.449948704158071422e+00
2.735135135135134874e+02 9.387160467786843654e+00
2.738738738738738903e+02 9.324396473731217938e+00
2.742342342342341794e+02 9.261659204769287612e+00
2.745945945945945823e+02 9.198951142621931254e+00
2.749549549549549283e+02 9.136274767854724033e+00
2.753153153153153312e+02 9.073632559779730045e+00
2.756756756756756204e+02 9.011026996357511365e+00
2.760360360360360232e+02 8.948460554099021635e+00
2.763963963963963693e+02 8.885935707967727026e+00
2.767567567567567153e+02 8.823454931281618840e+00
2.771171171171171181e+02 8.761020695615449938e+00
2.774774774774774642e+02 8.698635470702928529e+00
2.778378378378378102e+02 8.636301724339002561e+00
2.781981981981981562e+02 8.574021922282298647e+00
2.785585585585585591e+02 8.511798528157513033e+00
2.789189189189189051e+02 8.449634003358028167e+00
2.792792792792792511e+02 8.387530806948479523e+00
2.796396396396395971e+02 8.325491395567546249e+00
2.800000000000000000e+02 8.263518223330700962e+00
2.803603603603603460e+02 8.201613741733210006e+00
2.807207207207206920e+02 8.139780399553085743e+00
2.810810810810810381e+02 8.078020642754280445e+00
2.814414414414414409e+02 8.016336914389876611e+00
2.818018018018017870e+02 7.954731654505492244e+00
2.821621621621621330e+02 7.893207300042742958e+00
2.825225225225225358e+02 7.831766284742810669e+00
2.828828828828828819e+02 7.770411039050234336e+00
2.832432432432432279e+02 7.709143990016702475e+00
2.836036036036035739e+02 7.647967561205106790e+00
2.839639639639639768e+02 7.586884172593610920e+00
2.843243243243242659e+02 7.525896240479983845e+00
2.846846846846846688e+02 7.465006177385956398e+00
2.850450450450450148e+02 7.404216391961853105e+00
2.854054054054053609e+02 7.343529288891241791e+00
2.857657657657657069e+02 7.282947268795883389e+00
2.861261261261261097e+02 7.222472728140699516e+00
2.864864864864865126e+02 7.162108059139033145e+00
2.868468468468468018e+02 7.101855649657994540e+00
2.872072072072072046e+02 7.041717883123977728e+00
2.875675675675675507e+02 6.981697138428439864e+00
2.879279279279278967e+02 6.921795789833725010e+00
2.882882882882882427e+02 6.862016206879220093e+00
2.886486486486486456e+02 6.802360754287550826e+00
2.890090090090089916e+02 6.742831791871102709e+00
2.893693693693693376e+02 6.683431674438613967e+00
2.897297297297296836e+02 6.624162751702085572e+00
2.900900900900900865e+02 6.565027368183772083e+00
2.904504504504504325e+02 6.506027863123500232e+00
2.908108108108107785e+02 6.447166570386069218e+00
2.911711711711711814e+02 6.388445818368991169e+00
2.915315315315315274e+02 6.329867929910352409e+00
2.918918918918918735e+02 6.271435222196916293e+00
2.922522522522522195e+02 6.213150006672504944e+00
2.926126126126126223e+02 6.155014588946512433e+00
2.929729729729729115e+02 6.097031268702752804e+00
2.933333333333333144e+02 6.039202339608435111e+00
2.936936936936936604e+02 5.981530089223497271e+00
2.940540540540540633e+02 5.924016798910041182e+00
2.944144144144143524e+02 5.866664743742169286e+00
2.947747747747747553e+02 5.809476192415905516e+00
2.951351351351351013e+02 5.752453407159531018e+00
2.954954954954954474e+02 5.695598643644023795e+00
2.958558558558558502e+02 5.638914150893890920e+00
2.962162162162161962e+02 5.582402171198175722e+00
2.965765765765765991e+02 5.526064940021733207e+00
2.969369369369368883e+02 5.469904685916866072e+00
2.972972972972972912e+02 5.413923630435093060e+00
2.976576576576576372e+02 5.358123988039346308e+00
2.980180180180179832e+02 5.302507966016294816e+00
2.983783783783783292e+02 5.247077764389107557e+00
2.987387387387387321e+02 5.191835575830356930e+00
2.990990990990990781e+02 5.136783585575340538e+00
2.994594594594594241e+02 5.081923971335587709e+00
2.998198198198197701e+02 5.027258903212768359e+00
3.001801801801801730e+02 4.972790543612787495e+00
3.005405405405405190e+02 4.918521047160309578e+00
3.009009009009008651e+02 4.864452560613488963e+00
3.012612612612612679e+02 4.810587222779043159e+00
3.016216216216216139e+02 4.756927164427688481e+00
3.019819819819819600e+02 4.703474508209798621e+00
3.023423423423423060e+02 4.650231368571490442e+00
3.027027027027027088e+02 4.597199851670933590e+00
3.030630630630629980e+02 4.544382055295088207e+00
3.034234234234234009e+02 4.491780068776663803e+00
3.037837837837837469e+02 4.439395972911531985e+00
3.041441441441441498e+02 4.387231839876353234e+00
3.045045045045044958e+02 4.335289733146661995e+00
3.048648648648648418e+02 4.283571707415218199e+00
3.052252252252252447e+02 4.232079808510704311e+00
3.055855855855855339e+02 4.180816073316854009e+00
3.059459459459459367e+02 4.129782529691815363e+00
3.063063063063062827e+02 4.078981196387995389e+00
3.066666666666666856e+02 4.028414082972141763e+00
3.070270270270269748e+02 3.978083189745911241e+00
3.073873873873873777e+02 3.927990507666686781e+00
3.077477477477477237e+02 3.878138018268870724e+00
3.081081081081080697e+02 3.828527693585451530e+00
3.084684684684684157e+02 3.779161496070047033e+00
3.088288288288288186e+02 3.730041378519219908e+00
3.091891891891891646e+02 3.681169283995280317e+00
3.095495495495495106e+02 3.632547145749399853e+00
3.099099099099099135e+02 3.584176887145118506e+00
3.102702702702702595e+02 3.536060421582313040e+00
3.106306306306306055e+02 3.488199652421445585e+00
3.109909909909909516e+02 3.440596472908329595e+00
3.113513513513513544e+02 3.393252766099188467e+00
3.117117117117117004e+02 3.346170404786212860e+00
3.120720720720720465e+02 3.299351251423430220e+00
3.124324324324323925e+02 3.252797158053081006e+00
3.127927927927927954e+02 3.206509966232306219e+00
3.131531531531530845e+02 3.160491506960351416e+00
3.135135135135134874e+02 3.114743600606082463e+00
3.138738738738738903e+02 3.069268056836029768e+00
3.142342342342342363e+02 3.024066674542775779e+00
3.145945945945945823e+02 2.979141241773776372e+00
3.149549549549549283e+02 2.934493535660681829e+00
3.153153153153153312e+02 2.890125322348979786e+00
3.156756756756756204e+02 2.846038356928186630e+00
3.160360360360360232e+02 2.802234383362367520e+00
3.163963963963963693e+02 2.758715134421203530e+00
3.167567567567567153e+02 2.715482331611394073e+00
3.171171171171170613e+02 2.672537685108609118e+00
3.174774774774774642e+02 2.629882893689790890e+00
3.178378378378378102e+02 2.587519644666005370e+00
3.181981981981981562e+02 2.545449613815642387e+00
3.185585585585585591e+02 2.503674465318176168e+00
3.189189189189189051e+02 2.462195851688309123e+00
3.192792792792792511e+02 2.421015413710592146e+00
3.196396396396395971e+02 2.380134780374554282e+00
3.200000000000000000e+02 2.339555568810221864e+00
3.203603603603603460e+02 2.299279384224193201e+00
3.207207207207206920e+02 2.259307819836096076e+00
3.210810810810810381e+02 2.219642456815610565e+00
3.214414414414414409e+02 2.180284864219872443e+00
3.218018018018017870e+02 2.141236598931457458e+00
3.221621621621621330e+02 2.102499205596743082e+00
3.225225225225224790e+02 2.064074216564857345e+00
3.228828828828828819e+02 2.025963151827014030e+00
3.232432432432432279e+02 1.988167518956426294e+00
3.236036036036035739e+02 1.950688813048655490e+00
3.239639639639639768e+02 1.913528516662451606e+00
3.243243243243242659e+02 1.876688099761145700e+00
3.246846846846846688e+02 1.840169019654456228e+00
3.250450450450450148e+02 1.803972720940889563e+00
3.254054054054054177e+02 1.768100635450550184e+00
3.257657657657657069e+02 1.732554182188540404e+00
3.261261261261261097e+02 1.697334767278795287e+00
3.264864864864864558e+02 1.662443783908489348e+00
3.268468468468468018e+02 1.627882612272896212e+00
3.272072072072071478e+02 1.593652619520824487e+00
3.275675675675675507e+02 1.559755159700499938e+00
3.279279279279279535e+02 1.526191573706039417e+00
3.282882882882882427e+02 1.492963189224388865e+00
3.286486486486486456e+02 1.460071320682794216e+00
3.290090090090089916e+02 1.427517269196836303e+00
3.293693693693693376e+02 1.395302322518925386e+00
3.297297297297296836e+02 1.363427754987398544e+00
3.300900900900900865e+02 1.331894827476073351e+00
3.304504504504504325e+02 1.300704787344407753e+00
3.308108108108107785e+02 1.269858868388120676e+00
3.311711711711711246e+02 1.239358290790423256e+00
3.315315315315315274e+02 1.209204261073714148e+00
3.318918918918918166e+02 1.179397972051891008e+00
3.322522522522522195e+02 1.149940602783129373e+00
3.326126126126126223e+02 1.120833318523271060e+00
3.329729729729729684e+02 1.092077270679719936e+00
3.333333333333333144e+02 1.063673596765878360e+00
3.336936936936936604e+02 1.035623420356186486e+00
3.340540540540540633e+02 1.007927851041633405e+00
3.344144144144143524e+02 9.805879843859077738e-01
3.347747747747747553e+02 9.536049018820214052e-01
3.351351351351351013e+02 9.269796709095601273e-01
3.354954954954955042e+02 9.007133446924342479e-01
3.358558558558557934e+02 8.748069622572429704e-01
3.362162162162161962e+02 8.492615483921417407e-01
3.365765765765765423e+02 8.240781136063390910e-01
3.369369369369368883e+02 7.992576540900897530e-01
3.372972972972972912e+02 7.748011516753139372e-01
3.376576576576576372e+02 7.507095737967517390e-01
3.380180180180180400e+02 7.269838734536782088e-01
3.383783783783783292e+02 7.036249891722312633e-01
3.387387387387387321e+02 6.806338449682625136e-01
3.390990990990990781e+02 6.580113503108053763e-01
3.394594594594594241e+02 6.357584000860783124e-01
3.398198198198197701e+02 6.138758745621097912e-01
3.401801801801801730e+02 5.923646393538917199e-01
3.405405405405405190e+02 5.712255453891612600e-01
3.409009009009008651e+02 5.504594288747188813e-01
3.412612612612612111e+02 5.300671112633703608e-01
3.416216216216216139e+02 5.100493992214150119e-01
3.419819819819819600e+02 4.904070845967478665e-01
3.423423423423423060e+02 4.711409443875347325e-01
3.427027027027027088e+02 4.522517407114656773e-01
3.430630630630630549e+02 4.337402207756246852e-01
3.434234234234234009e+02 4.156071168469144261e-01
3.437837837837837469e+02 3.978531462231083005e-01
3.441441441441441498e+02 3.804790112044531547e-01
3.445045045045044390e+02 3.634853990659159262e-01
3.448648648648648418e+02 3.468729820299676359e-01
3.452252252252251878e+02 3.306424172400190820e-01
3.455855855855855907e+02 3.147943467344027635e-01
3.459459459459459367e+02 2.993293974209931818e-01
3.463063063063062827e+02 2.842481810523989072e-01
3.466666666666666856e+02 2.695512942017619373e-01
3.470270270270269748e+02 2.552393182391698989e-01
3.473873873873873777e+02 2.413128193086400142e-01
3.477477477477477237e+02 2.277723483057458864e-01
3.481081081081080697e+02 2.146184408558049483e-01
3.484684684684684157e+02 2.018516172927076191e-01
3.488288288288288186e+02 1.894723826383204468e-01
3.491891891891891646e+02 1.774812265825209678e-01
3.495495495495495106e+02 1.658786234638143231e-01
3.499099099099098567e+02 1.546650322505827013e-01
3.502702702702702595e+02 1.438408965229165393e-01
3.506306306306306055e+02 1.334066444550807695e-01
3.509909909909909516e+02 1.233626887985683762e-01
3.513513513513513544e+02 1.137094268657734553e-01
3.517117117117117004e+02 1.044472405142815585e-01
3.520720720720720465e+02 9.557649613175511760e-02
3.524324324324323925e+02 8.709754462144725373e-02
3.527927927927927954e+02 7.901072138831621849e-02
3.531531531531531414e+02 7.131634632576266952e-02
3.535135135135134874e+02 6.401472380297090758e-02
3.538738738738738334e+02 5.710614265287183855e-02
3.542342342342342363e+02 5.059087616071211713e-02
3.545945945945945255e+02 4.446918205325500750e-02
3.549549549549549283e+02 3.874130248857077241e-02
3.553153153153153312e+02 3.340746404647099155e-02
3.556756756756756204e+02 2.846787771953684931e-02
3.560360360360360232e+02 2.392273890477358833e-02
3.563963963963963693e+02 1.977222739588890832e-02
3.567567567567567721e+02 1.601650737616977516e-02
3.571171171171170613e+02 1.265572741199427753e-02
3.574774774774774642e+02 9.690020446956326694e-03
3.578378378378378102e+02 7.119503796599868650e-03
3.581981981981981562e+02 4.944279143784813257e-03
3.585585585585585022e+02 3.164432534662475760e-03
3.589189189189189051e+02 1.780034375268302327e-03
3.592792792792792511e+02 7.911394287452022667e-04
3.596396396396395971e+02 1.977868131675108998e-04
3.600000000000000000e+02 0.000000000000000000e+00
