# X Y Z
0.000000000000000000e+00 0.000000000000000000e+00 -9.291926581726428935e+00
2.500000000000000000e-01 0.000000000000000000e+00 9.005718077734667926e-01
5.000000000000000000e-01 0.000000000000000000e+00 9.949962483002227076e-01
7.500000000000000000e-01 0.000000000000000000e+00 9.682283436453982262e-01
1.000000000000000000e+00 0.000000000000000000e+00 8.268218104318060258e-01
1.250000000000000000e+00 0.000000000000000000e+00 6.053978997153898201e-01
1.500000000000000000e+00 0.000000000000000000e+00 3.581689072683867936e-01
1.750000000000000000e+00 0.000000000000000000e+00 1.456651128543700324e-01
2.000000000000000000e+00 0.000000000000000000e+00 1.991485667481698862e-02
2.250000000000000000e+00 0.000000000000000000e+00 1.170618713598824828e-02
2.500000000000000000e+00 0.000000000000000000e+00 1.230488728283476718e-01
2.750000000000000000e+00 0.000000000000000000e+00 3.266823410824870599e-01
3.000000000000000000e+00 0.000000000000000000e+00 5.727500169043067135e-01
3.250000000000000000e+00 0.000000000000000000e+00 8.010059513424118149e-01
3.500000000000000000e+00 0.000000000000000000e+00 9.555651309423384143e-01
3.750000000000000000e+00 0.000000000000000000e+00 9.985860780981893337e-01
4.000000000000000000e+00 0.000000000000000000e+00 9.195357645382261635e-01
4.250000000000000000e+00 0.000000000000000000e+00 7.377684639979962267e-01
4.500000000000000000e+00 0.000000000000000000e+00 4.977871510059746485e-01
4.750000000000000000e+00 0.000000000000000000e+00 2.583476206234969763e-01
5.000000000000000000e+00 0.000000000000000000e+00 7.807302063375394507e-02
5.250000000000000000e+00 0.000000000000000000e+00 1.100860410709668044e-03
5.500000000000000000e+00 0.000000000000000000e+00 4.627660927490188925e-02
5.750000000000000000e+00 0.000000000000000000e+00 2.025396683450539914e-01
6.000000000000000000e+00 0.000000000000000000e+00 4.316313908960831558e-01
6.250000000000000000e+00 0.000000000000000000e+00 6.774621333943525725e-01
6.500000000000000000e+00 0.000000000000000000e+00 8.798439564294107118e-01
6.750000000000000000e+00 0.000000000000000000e+00 9.892267314094420616e-01
7.000000000000000000e+00 0.000000000000000000e+00 9.788297401616923299e-01
7.250000000000000000e+00 0.000000000000000000e+00 8.511985287513567089e-01
7.500000000000000000e+00 0.000000000000000000e+00 6.375816690257983810e-01
7.750000000000000000e+00 0.000000000000000000e+00 3.902800183942703449e-01
0.000000000000000000e+00 2.500000000000000000e-01 -9.313938869551620314e+00
2.500000000000000000e-01 2.500000000000000000e-01 -5.676332655621178169e+00
5.000000000000000000e-01 2.500000000000000000e-01 -3.324755200269958966e+00
7.500000000000000000e-01 2.500000000000000000e-01 -1.870579857834264725e+00
1.000000000000000000e+00 2.500000000000000000e-01 -1.038279283188551005e+00
1.250000000000000000e+00 2.500000000000000000e-01 -6.180267380518612574e-01
1.500000000000000000e+00 2.500000000000000000e-01 -4.418499433181073410e-01
1.750000000000000000e+00 2.500000000000000000e-01 -3.754962876288925333e-01
2.000000000000000000e+00 2.500000000000000000e-01 -3.190424560827144207e-01
2.250000000000000000e+00 2.500000000000000000e-01 -2.102323051345540705e-01
2.500000000000000000e+00 2.500000000000000000e-01 -2.588356654073867280e-02
2.750000000000000000e+00 2.500000000000000000e-01 2.214972439859315689e-01
3.000000000000000000e+00 2.500000000000000000e-01 4.927107704537346256e-01
3.250000000000000000e+00 2.500000000000000000e-01 7.353482506573181254e-01
3.500000000000000000e+00 2.500000000000000000e-01 8.991679568835758696e-01
3.750000000000000000e+00 2.500000000000000000e-01 9.500627860286567916e-01
4.000000000000000000e+00 2.500000000000000000e-01 8.795023501628229656e-01
4.250000000000000000e+00 2.500000000000000000e-01 7.073363146387798839e-01
4.500000000000000000e+00 2.500000000000000000e-01 4.774026247374106857e-01
4.750000000000000000e+00 2.500000000000000000e-01 2.471010132751247368e-01
5.000000000000000000e+00 2.500000000000000000e-01 7.354031105530146883e-02
5.250000000000000000e+00 2.500000000000000000e-01 -3.123062393844007988e-04
5.500000000000000000e+00 2.500000000000000000e-01 4.393492412444702233e-02
5.750000000000000000e+00 2.500000000000000000e-01 1.956517965535671810e-01
6.000000000000000000e+00 2.500000000000000000e-01 4.178257112118537453e-01
6.250000000000000000e+00 2.500000000000000000e-01 6.561478337901686109e-01
6.500000000000000000e+00 2.500000000000000000e-01 8.523256304189240629e-01
6.750000000000000000e+00 2.500000000000000000e-01 9.583652852652142506e-01
7.000000000000000000e+00 2.500000000000000000e-01 9.483290532039074794e-01
7.250000000000000000e+00 2.500000000000000000e-01 8.246901729195006414e-01
7.500000000000000000e+00 2.500000000000000000e-01 6.177302450906089204e-01
7.750000000000000000e+00 2.500000000000000000e-01 3.781271483108710751e-01
0.000000000000000000e+00 5.000000000000000000e-01 -9.378607115585005261e+00
2.500000000000000000e-01 5.000000000000000000e-01 -6.351308555042339599e+00
5.000000000000000000e-01 5.000000000000000000e-01 -4.227103218283621011e+00
7.500000000000000000e-01 5.000000000000000000e-01 -2.792743745677918721e+00
1.000000000000000000e+00 5.000000000000000000e-01 -1.875696072488864274e+00
1.250000000000000000e+00 5.000000000000000000e-01 -1.326467126032451649e+00
1.500000000000000000e+00 5.000000000000000000e-01 -1.012417082870980423e+00
1.750000000000000000e+00 5.000000000000000000e-01 -8.196759824254398197e-01
2.000000000000000000e+00 5.000000000000000000e-01 -6.591994852426980023e-01
2.250000000000000000e+00 5.000000000000000000e-01 -4.729844296725647101e-01
2.500000000000000000e+00 5.000000000000000000e-01 -2.371393603902888780e-01
2.750000000000000000e+00 5.000000000000000000e-01 4.021512681611166817e-02
3.000000000000000000e+00 5.000000000000000000e-01 3.266115588660615243e-01
3.250000000000000000e+00 5.000000000000000000e-01 5.772390388274188933e-01
3.500000000000000000e+00 5.000000000000000000e-01 7.488099376147708819e-01
3.750000000000000000e+00 5.000000000000000000e-01 8.122260194083832374e-01
4.000000000000000000e+00 5.000000000000000000e-01 7.611794547714436643e-01
4.250000000000000000e+00 5.000000000000000000e-01 6.147518382978630624e-01
4.500000000000000000e+00 5.000000000000000000e-01 4.134955348407483577e-01
4.750000000000000000e+00 5.000000000000000000e-01 2.100429442645723455e-01
5.000000000000000000e+00 5.000000000000000000e-01 5.660440142646751271e-02
5.250000000000000000e+00 5.000000000000000000e-01 -7.540390880257429561e-03
5.500000000000000000e+00 5.000000000000000000e-01 3.453652323305396454e-02
5.750000000000000000e+00 5.000000000000000000e-01 1.734067221932135694e-01
6.000000000000000000e+00 5.000000000000000000e-01 3.756937415940566072e-01
6.250000000000000000e+00 5.000000000000000000e-01 5.923161617977559246e-01
6.500000000000000000e+00 5.000000000000000000e-01 7.705554175621752711e-01
6.750000000000000000e+00 5.000000000000000000e-01 8.669995397242167279e-01
7.000000000000000000e+00 5.000000000000000000e-01 8.581979136237292138e-01
7.250000000000000000e+00 5.000000000000000000e-01 7.464213716400873722e-01
7.500000000000000000e+00 5.000000000000000000e-01 5.591194721003894808e-01
7.750000000000000000e+00 5.000000000000000000e-01 3.422093583525120386e-01
0.000000000000000000e+00 7.500000000000000000e-01 -9.481910561503790191e+00
2.500000000000000000e-01 7.500000000000000000e-01 -6.853986356883968512e+00
5.000000000000000000e-01 7.500000000000000000e-01 -4.916376111777302604e+00
7.500000000000000000e-01 7.500000000000000000e-01 -3.532156178106509170e+00
1.000000000000000000e+00 7.500000000000000000e-01 -2.580953100609866713e+00
1.250000000000000000e+00 7.500000000000000000e-01 -1.950601883341405163e+00
1.500000000000000000e+00 7.500000000000000000e-01 -1.536199004713578287e+00
1.750000000000000000e+00 7.500000000000000000e-01 -1.244443074624002721e+00
2.000000000000000000e+00 7.500000000000000000e-01 -1.000443145320414118e+00
2.250000000000000000e+00 7.500000000000000000e-01 -7.540075597947805131e-01
2.500000000000000000e+00 7.500000000000000000e-01 -4.828817487649480489e-01
2.750000000000000000e+00 7.500000000000000000e-01 -1.913970740268981785e-01
3.000000000000000000e+00 7.500000000000000000e-01 9.569831711725279577e-02
3.250000000000000000e+00 7.500000000000000000e-01 3.431368121220776390e-01
3.500000000000000000e+00 7.500000000000000000e-01 5.166496184142570502e-01
3.750000000000000000e+00 7.500000000000000000e-01 5.935233436286082576e-01
4.000000000000000000e+00 7.500000000000000000e-01 5.697886146948690778e-01
4.250000000000000000e+00 7.500000000000000000e-01 4.624147137741568825e-01
4.500000000000000000e+00 7.500000000000000000e-01 3.060735828194020569e-01
4.750000000000000000e+00 7.500000000000000000e-01 1.453411178166805207e-01
5.000000000000000000e+00 7.500000000000000000e-01 2.430197301016750328e-02
5.250000000000000000e+00 7.500000000000000000e-01 -2.385432611577879142e-02
5.500000000000000000e+00 7.500000000000000000e-01 1.533334769844440365e-02
5.750000000000000000e+00 7.500000000000000000e-01 1.342770263950565923e-01
6.000000000000000000e+00 7.500000000000000000e-01 3.053626484298779253e-01
6.250000000000000000e+00 7.500000000000000000e-01 4.878350595903299114e-01
6.500000000000000000e+00 7.500000000000000000e-01 6.378695431566410168e-01
6.750000000000000000e+00 7.500000000000000000e-01 7.193716947826889196e-01
7.000000000000000000e+00 7.500000000000000000e-01 7.128672239020235057e-01
7.250000000000000000e+00 7.500000000000000000e-01 6.203094815633678483e-01
7.500000000000000000e+00 7.500000000000000000e-01 4.646309198121491013e-01
7.750000000000000000e+00 7.500000000000000000e-01 2.841507469119389229e-01
0.000000000000000000e+00 1.000000000000000000e+00 -9.617426299382854538e+00
2.500000000000000000e-01 1.000000000000000000e+00 -7.301426806374205825e+00
5.000000000000000000e-01 1.000000000000000000e+00 -5.527707829839575204e+00
7.500000000000000000e-01 1.000000000000000000e+00 -4.200529520731649313e+00
1.000000000000000000e+00 1.000000000000000000e+00 -3.232060680996048596e+00
1.250000000000000000e+00 1.000000000000000000e+00 -2.537950087417947032e+00
1.500000000000000000e+00 1.000000000000000000e+00 -2.037782114996916860e+00
1.750000000000000000e+00 1.000000000000000000e+00 -1.659036238144692588e+00
2.000000000000000000e+00 1.000000000000000000e+00 -1.342592789383689977e+00
2.250000000000000000e+00 1.000000000000000000e+00 -1.047667365716144827e+00
2.500000000000000000e+00 1.000000000000000000e+00 -7.543663965153561968e-01
2.750000000000000000e+00 1.000000000000000000e+00 -4.627713898938058401e-01
3.000000000000000000e+00 1.000000000000000000e+00 -1.884125288592264913e-01
3.250000000000000000e+00 1.000000000000000000e+00 4.504328420718800574e-02
3.500000000000000000e+00 1.000000000000000000e+00 2.143202094321513540e-01
3.750000000000000000e+00 1.000000000000000000e+00 3.043609020441828683e-01
4.000000000000000000e+00 1.000000000000000000e+00 3.136709050208846827e-01
4.250000000000000000e+00 1.000000000000000000e+00 2.559756632049204894e-01
4.500000000000000000e+00 1.000000000000000000e+00 1.578655801376369627e-01
4.750000000000000000e+00 1.000000000000000000e+00 5.306886310721646571e-02
5.000000000000000000e+00 1.000000000000000000e+00 -2.519643691634656374e-02
5.250000000000000000e+00 1.000000000000000000e+00 -5.188038657346846771e-02
5.500000000000000000e+00 1.000000000000000000e+00 -1.586435568565223303e-02
5.750000000000000000e+00 1.000000000000000000e+00 7.760484187150427926e-02
6.000000000000000000e+00 1.000000000000000000e+00 2.084239140195625062e-01
6.250000000000000000e+00 1.000000000000000000e+00 3.467298114490408589e-01
6.500000000000000000e+00 1.000000000000000000e+00 4.603473265331819442e-01
6.750000000000000000e+00 1.000000000000000000e+00 5.227726877990127585e-01
7.000000000000000000e+00 1.000000000000000000e+00 5.197451460061293105e-01
7.250000000000000000e+00 1.000000000000000000e+00 4.528027839475006200e-01
7.500000000000000000e+00 1.000000000000000000e+00 3.389560022524176208e-01
7.750000000000000000e+00 1.000000000000000000e+00 2.065617684669273924e-01
0.000000000000000000e+00 1.250000000000000000e+00 -9.776728617000683741e+00
2.500000000000000000e-01 1.250000000000000000e+00 -7.724325830668706594e+00
5.000000000000000000e-01 1.250000000000000000e+00 -6.099536332169405384e+00
7.500000000000000000e-01 1.250000000000000000e+00 -4.830641296116051642e+00
1.000000000000000000e+00 1.250000000000000000e+00 -3.852301783374609379e+00
1.250000000000000000e+00 1.250000000000000000e+00 -3.102930522255507029e+00
1.500000000000000000e+00 1.250000000000000000e+00 -2.524854792472504439e+00
1.750000000000000000e+00 1.250000000000000000e+00 -2.066491681449973861e+00
2.000000000000000000e+00 1.250000000000000000e+00 -1.685411440804192251e+00
2.250000000000000000e+00 1.250000000000000000e+00 -1.351065080756806536e+00
2.500000000000000000e+00 1.250000000000000000e+00 -1.046128922535550787e+00
2.750000000000000000e+00 1.250000000000000000e+00 -7.658330248602180923e-01
3.000000000000000000e+00 1.250000000000000000e+00 -5.151945445513870236e-01
3.250000000000000000e+00 1.250000000000000000e+00 -3.046385075086743832e-01
3.500000000000000000e+00 1.250000000000000000e+00 -1.449221015123008383e-01
3.750000000000000000e+00 1.250000000000000000e+00 -4.248021027310011632e-02
4.000000000000000000e+00 1.250000000000000000e+00 3.768331944661473809e-03
4.250000000000000000e+00 1.250000000000000000e+00 3.451984932336116252e-03
4.500000000000000000e+00 1.250000000000000000e+00 -2.657304371850632840e-02
4.750000000000000000e+00 1.250000000000000000e+00 -6.551865589443699178e-02
5.000000000000000000e+00 1.250000000000000000e+00 -9.308892068463184288e-02
5.250000000000000000e+00 1.250000000000000000e+00 -9.391619895612003666e-02
5.500000000000000000e+00 1.250000000000000000e+00 -6.089681343981914741e-02
5.750000000000000000e+00 1.250000000000000000e+00 3.411568613128683480e-03
6.000000000000000000e+00 1.250000000000000000e+00 8.768990141079377465e-02
6.250000000000000000e+00 1.250000000000000000e+00 1.748482927818136856e-01
6.500000000000000000e+00 1.250000000000000000e+00 2.463857756816005828e-01
6.750000000000000000e+00 1.250000000000000000e+00 2.870605917234463345e-01
7.000000000000000000e+00 1.250000000000000000e+00 2.887345030970550619e-01
7.250000000000000000e+00 1.250000000000000000e+00 2.524554887420611959e-01
7.500000000000000000e+00 1.250000000000000000e+00 1.882733747441515948e-01
7.750000000000000000e+00 1.250000000000000000e+00 1.128371160705361753e-01
0.000000000000000000e+00 1.500000000000000000e+00 -9.949912867816042450e+00
2.500000000000000000e-01 1.500000000000000000e+00 -8.129198577147601412e+00
5.000000000000000000e-01 1.500000000000000000e+00 -6.641981898204175394e+00
7.500000000000000000e-01 1.500000000000000000e+00 -5.430885561501286318e+00
1.000000000000000000e+00 1.500000000000000000e+00 -4.447097527503507841e+00
1.250000000000000000e+00 1.500000000000000000e+00 -3.648557373743283705e+00
1.500000000000000000e+00 1.500000000000000000e+00 -2.998977030414056166e+00
1.750000000000000000e+00 1.500000000000000000e+00 -2.467486128736795070e+00
2.000000000000000000e+00 1.500000000000000000e+00 -2.028620527316400413e+00
2.250000000000000000e+00 1.500000000000000000e+00 -1.662355108997254804e+00
2.500000000000000000e+00 1.500000000000000000e+00 -1.353925624903176139e+00
2.750000000000000000e+00 1.500000000000000000e+00 -1.093280681229083839e+00
3.000000000000000000e+00 1.500000000000000000e+00 -8.741321162265166533e-01
3.250000000000000000e+00 1.500000000000000000e+00 -6.927003272324040450e-01
3.500000000000000000e+00 1.500000000000000000e+00 -5.463503603199952874e-01
3.750000000000000000e+00 1.500000000000000000e+00 -4.323614468412326772e-01
4.000000000000000000e+00 1.500000000000000000e+00 -3.470564881797131296e-01
4.250000000000000000e+00 1.500000000000000000e+00 -2.854433718468268877e-01
4.500000000000000000e+00 1.500000000000000000e+00 -2.414057562466390694e-01
4.750000000000000000e+00 1.500000000000000000e+00 -2.083555005381667047e-01
5.000000000000000000e+00 1.500000000000000000e+00 -1.801533186884845539e-01
5.250000000000000000e+00 1.500000000000000000e+00 -1.520446530782054717e-01
5.500000000000000000e+00 1.500000000000000000e+00 -1.213590236853158977e-01
5.750000000000000000e+00 1.500000000000000000e+00 -8.778310405352388046e-02
6.000000000000000000e+00 1.500000000000000000e+00 -5.312548921856226347e-02
6.250000000000000000e+00 1.500000000000000000e+00 -2.061831480883545564e-02
6.500000000000000000e+00 1.500000000000000000e+00 6.083471569053963690e-03
6.750000000000000000e+00 1.500000000000000000e+00 2.396851941352660942e-02
7.000000000000000000e+00 1.500000000000000000e+00 3.154690855698893959e-02
7.250000000000000000e+00 1.500000000000000000e+00 2.933008450401516573e-02
7.500000000000000000e+00 1.500000000000000000e+00 1.979998075932063936e-02
7.750000000000000000e+00 1.500000000000000000e+00 6.878648446480391948e-03
0.000000000000000000e+00 1.750000000000000000e+00 -1.012621129391751751e+01
2.500000000000000000e-01 1.750000000000000000e+00 -8.512824345194754727e+00
5.000000000000000000e-01 1.750000000000000000e+00 -7.153447310385164570e+00
7.500000000000000000e-01 1.750000000000000000e+00 -5.999225846536514695e+00
1.000000000000000000e+00 1.750000000000000000e+00 -5.013965295399703592e+00
1.250000000000000000e+00 1.750000000000000000e+00 -4.172630196288517723e+00
1.500000000000000000e+00 1.750000000000000000e+00 -3.458819017170163157e+00
1.750000000000000000e+00 1.750000000000000000e+00 -2.861551053218158724e+00
2.000000000000000000e+00 1.750000000000000000e+00 -2.371917201291833255e+00
2.250000000000000000e+00 1.750000000000000000e+00 -1.980218362848239488e+00
2.500000000000000000e+00 1.750000000000000000e+00 -1.674128176214871866e+00
2.750000000000000000e+00 1.750000000000000000e+00 -1.438192996325973860e+00
3.000000000000000000e+00 1.750000000000000000e+00 -1.254677193709333949e+00
3.250000000000000000e+00 1.750000000000000000e+00 -1.105451304977607352e+00
3.500000000000000000e+00 1.750000000000000000e+00 -9.743809776798733058e-01
3.750000000000000000e+00 1.750000000000000000e+00 -8.495651844772560413e-01
4.000000000000000000e+00 1.750000000000000000e+00 -7.248200640250631599e-01
4.250000000000000000e+00 1.750000000000000000e+00 -5.999986122359149965e-01
4.500000000000000000e+00 1.750000000000000000e+00 -4.800291305851384083e-01
4.750000000000000000e+00 1.750000000000000000e+00 -3.728754277395843753e-01
5.000000000000000000e+00 1.750000000000000000e+00 -2.868911058646677059e-01
5.250000000000000000e+00 1.750000000000000000e+00 -2.281930745360903900e-01
5.500000000000000000e+00 1.750000000000000000e+00 -1.986784546992595990e-01
5.750000000000000000e+00 1.750000000000000000e+00 -1.951546237868048428e-01
6.000000000000000000e+00 1.750000000000000000e+00 -2.097822173899435705e-01
6.250000000000000000e+00 1.750000000000000000e+00 -2.317116169749826593e-01
6.500000000000000000e+00 1.750000000000000000e+00 -2.495030599562821361e-01
6.750000000000000000e+00 1.750000000000000000e+00 -2.537301653182448824e-01
7.000000000000000000e+00 1.750000000000000000e+00 -2.391230267990819836e-01
7.250000000000000000e+00 1.750000000000000000e+00 -2.057208124210408440e-01
7.500000000000000000e+00 1.750000000000000000e+00 -1.587471992582060176e-01
7.750000000000000000e+00 1.750000000000000000e+00 -1.072354040799430308e-01
0.000000000000000000e+00 2.000000000000000000e+00 -1.029466251305766811e+01
2.500000000000000000e-01 2.000000000000000000e+00 -8.867652870339719939e+00
5.000000000000000000e-01 2.000000000000000000e+00 -7.626970301081991366e+00
7.500000000000000000e-01 2.000000000000000000e+00 -6.528761461150213385e+00
1.000000000000000000e+00 2.000000000000000000e+00 -5.546680231028267016e+00
1.250000000000000000e+00 2.000000000000000000e+00 -4.670442413309725538e+00
1.500000000000000000e+00 2.000000000000000000e+00 -3.901637893785323108e+00
1.750000000000000000e+00 2.000000000000000000e+00 -3.247646250863190254e+00
2.000000000000000000e+00 2.000000000000000000e+00 -2.714993169337768908e+00
2.250000000000000000e+00 2.000000000000000000e+00 -2.303644880777370840e+00
2.500000000000000000e+00 2.000000000000000000e+00 -2.003527687138788593e+00
2.750000000000000000e+00 2.000000000000000000e+00 -1.794031403939255753e+00
3.000000000000000000e+00 2.000000000000000000e+00 -1.646539053999643620e+00
3.250000000000000000e+00 2.000000000000000000e+00 -1.529296154000559849e+00
3.500000000000000000e+00 2.000000000000000000e+00 -1.413370265151193017e+00
3.750000000000000000e+00 2.000000000000000000e+00 -1.278193158901389292e+00
4.000000000000000000e+00 2.000000000000000000e+00 -1.115287455053908028e+00
4.250000000000000000e+00 2.000000000000000000e+00 -9.292303075293970593e-01
4.500000000000000000e+00 2.000000000000000000e+00 -7.355884571176848352e-01
4.750000000000000000e+00 2.000000000000000000e+00 -5.563049672195991002e-01
5.000000000000000000e+00 2.000000000000000000e+00 -4.136456817027270305e-01
5.250000000000000000e+00 2.000000000000000000e+00 -3.241693068471920292e-01
5.500000000000000000e+00 2.000000000000000000e+00 -2.941819807611345539e-01
5.750000000000000000e+00 2.000000000000000000e+00 -3.177760709797854966e-01
6.000000000000000000e+00 2.000000000000000000e+00 -3.779222120091567660e-01
6.250000000000000000e+00 2.000000000000000000e+00 -4.503377367414939103e-01
6.500000000000000000e+00 2.000000000000000000e+00 -5.091763259442513290e-01
6.750000000000000000e+00 2.000000000000000000e+00 -5.331390153820506628e-01
7.000000000000000000e+00 2.000000000000000000e+00 -5.105045673242002424e-01
7.250000000000000000e+00 2.000000000000000000e+00 -4.418426654454947200e-01
7.500000000000000000e+00 2.000000000000000000e+00 -3.397414608759606880e-01
7.750000000000000000e+00 2.000000000000000000e+00 -2.256126192284413912e-01
0.000000000000000000e+00 2.250000000000000000e+00 -1.044479304431058253e+01
2.500000000000000000e-01 2.250000000000000000e+00 -9.184562911746784408e+00
5.000000000000000000e-01 2.250000000000000000e+00 -8.053483546138334503e+00
7.500000000000000000e-01 2.250000000000000000e+00 -7.010685958676411644e+00
1.000000000000000000e+00 2.250000000000000000e+00 -6.037579269576756502e+00
1.250000000000000000e+00 2.250000000000000000e+00 -5.136340170741741318e+00
1.500000000000000000e+00 2.250000000000000000e+00 -4.324155049444027732e+00
1.750000000000000000e+00 2.250000000000000000e+00 -3.624508859878683431e+00
2.000000000000000000e+00 2.250000000000000000e+00 -3.057553860487209896e+00
2.250000000000000000e+00 2.250000000000000000e+00 -2.631830381875093661e+00
2.500000000000000000e+00 2.250000000000000000e+00 -2.339292630579660859e+00
2.750000000000000000e+00 2.250000000000000000e+00 -2.154793571886796322e+00
3.000000000000000000e+00 2.250000000000000000e+00 -2.040100010448696821e+00
3.250000000000000000e+00 2.250000000000000000e+00 -1.951407433362077892e+00
3.500000000000000000e+00 2.250000000000000000e+00 -1.848473863614213730e+00
3.750000000000000000e+00 2.250000000000000000e+00 -1.703101224495702670e+00
4.000000000000000000e+00 2.250000000000000000e+00 -1.504857331175268875e+00
4.250000000000000000e+00 2.250000000000000000e+00 -1.262611408136913971e+00
4.500000000000000000e+00 2.250000000000000000e+00 -1.001484638903537894e+00
4.750000000000000000e+00 2.250000000000000000e+00 -7.559429283311250858e-01
5.000000000000000000e+00 2.250000000000000000e+00 -5.607062624514650429e-01
5.250000000000000000e+00 2.250000000000000000e+00 -4.416859370246580818e-01
5.500000000000000000e+00 2.250000000000000000e+00 -4.091560963684972574e-01
5.750000000000000000e+00 2.250000000000000000e+00 -4.548207052378880899e-01
6.000000000000000000e+00 2.250000000000000000e+00 -5.534848196234496420e-01
6.250000000000000000e+00 2.250000000000000000e+00 -6.689130058033027071e-01
6.500000000000000000e+00 2.250000000000000000e+00 -7.624336971853891143e-01
6.750000000000000000e+00 2.250000000000000000e+00 -8.021769253218402618e-01
7.000000000000000000e+00 2.250000000000000000e+00 -7.706786066145439040e-01
7.250000000000000000e+00 2.250000000000000000e+00 -6.689851947196806536e-01
7.500000000000000000e+00 2.250000000000000000e+00 -5.162499482614121282e-01
7.750000000000000000e+00 2.250000000000000000e+00 -3.449163964982981390e-01
0.000000000000000000e+00 2.500000000000000000e+00 -1.056726849838836557e+01
2.500000000000000000e-01 2.500000000000000000e+00 -9.454596351800473641e+00
5.000000000000000000e-01 2.500000000000000000e+00 -8.423854168321975422e+00
7.500000000000000000e-01 2.500000000000000000e+00 -7.436187029529627956e+00
1.000000000000000000e+00 2.500000000000000000e+00 -6.479087706880797271e+00
1.250000000000000000e+00 2.500000000000000000e+00 -5.564784804474505187e+00
1.500000000000000000e+00 2.500000000000000000e+00 -4.723166860124252686e+00
1.750000000000000000e+00 2.500000000000000000e+00 -3.990899812270733538e+00
2.000000000000000000e+00 2.500000000000000000e+00 -3.399336741194879608e+00
2.250000000000000000e+00 2.500000000000000000e+00 -2.964122786423117883e+00
2.500000000000000000e+00 2.500000000000000000e+00 -2.678990352495879801e+00
2.750000000000000000e+00 2.500000000000000000e+00 -2.515220116759852687e+00
3.000000000000000000e+00 2.500000000000000000e+00 -2.426861695159432397e+00
3.250000000000000000e+00 2.500000000000000000e+00 -2.360402484732309958e+00
3.500000000000000000e+00 2.500000000000000000e+00 -2.266488348964054822e+00
3.750000000000000000e+00 2.500000000000000000e+00 -2.110801131554846499e+00
4.000000000000000000e+00 2.500000000000000000e+00 -1.881407637572754421e+00
4.250000000000000000e+00 2.500000000000000000e+00 -1.590761437040848936e+00
4.500000000000000000e+00 2.500000000000000000e+00 -1.271850474018351385e+00
4.750000000000000000e+00 2.500000000000000000e+00 -9.694189169793456795e-01
5.000000000000000000e+00 2.500000000000000000e+00 -7.283995542336504370e-01
5.250000000000000000e+00 2.500000000000000000e+00 -5.823776274510047424e-01
5.500000000000000000e+00 2.500000000000000000e+00 -5.449007257215735534e-01
5.750000000000000000e+00 2.500000000000000000e+00 -6.057537934986231276e-01
6.000000000000000000e+00 2.500000000000000000e+00 -7.331037606901584791e-01
6.250000000000000000e+00 2.500000000000000000e+00 -8.809821650845853780e-01
6.500000000000000000e+00 2.500000000000000000e+00 -1.000268040362466415e+00
6.750000000000000000e+00 2.500000000000000000e+00 -1.050477080492843385e+00
7.000000000000000000e+00 2.500000000000000000e+00 -1.009466319567963177e+00
7.250000000000000000e+00 2.500000000000000000e+00 -8.786744733108522443e-01
7.500000000000000000e+00 2.500000000000000000e+00 -6.826115968567815218e-01
7.750000000000000000e+00 2.500000000000000000e+00 -4.627201028469336563e-01
0.000000000000000000e+00 2.750000000000000000e+00 -1.065447394475668119e+01
2.500000000000000000e-01 2.750000000000000000e+00 -9.670176183873262943e+00
5.000000000000000000e-01 2.750000000000000000e+00 -8.730305012905313689e+00
7.500000000000000000e-01 2.750000000000000000e+00 -7.797793113119918296e+00
1.000000000000000000e+00 2.750000000000000000e+00 -6.864823738343799775e+00
1.250000000000000000e+00 2.750000000000000000e+00 -5.951135543563159658e+00
1.500000000000000000e+00 2.750000000000000000e+00 -5.096000335186589680e+00
1.750000000000000000e+00 2.750000000000000000e+00 -4.345789120579925502e+00
2.000000000000000000e+00 2.750000000000000000e+00 -3.740127638401507415e+00
2.250000000000000000e+00 2.750000000000000000e+00 -3.299992902794319338e+00
2.500000000000000000e+00 2.750000000000000000e+00 -3.020631491885386044e+00
2.750000000000000000e+00 2.750000000000000000e+00 -2.871003690836446687e+00
3.000000000000000000e+00 2.750000000000000000e+00 -2.799863299321114329e+00
3.250000000000000000e+00 2.750000000000000000e+00 -2.746961325933749976e+00
3.500000000000000000e+00 2.750000000000000000e+00 -2.656609985495492765e+00
3.750000000000000000e+00 2.750000000000000000e+00 -2.490267916674292259e+00
4.000000000000000000e+00 2.750000000000000000e+00 -2.235049285360825699e+00
4.250000000000000000e+00 2.750000000000000000e+00 -1.906059277721146694e+00
4.500000000000000000e+00 2.750000000000000000e+00 -1.541971648932158212e+00
4.750000000000000000e+00 2.750000000000000000e+00 -1.194920029617915880e+00
5.000000000000000000e+00 2.750000000000000000e+00 -9.171681688179824654e-01
5.250000000000000000e+00 2.750000000000000000e+00 -7.478140578716050424e-01
5.500000000000000000e+00 2.750000000000000000e+00 -7.027755891181054482e-01
5.750000000000000000e+00 2.750000000000000000e+00 -7.705028571156908868e-01
6.000000000000000000e+00 2.750000000000000000e+00 -9.144609130387699736e-01
6.250000000000000000e+00 2.750000000000000000e+00 -1.081769833410097581e+00
6.500000000000000000e+00 2.750000000000000000e+00 -1.215882051985704759e+00
6.750000000000000000e+00 2.750000000000000000e+00 -1.270188982501857078e+00
7.000000000000000000e+00 2.750000000000000000e+00 -1.219221915936154144e+00
7.250000000000000000e+00 2.750000000000000000e+00 -1.064701604550284397e+00
7.500000000000000000e+00 2.750000000000000000e+00 -8.349525400546551346e-01
7.750000000000000000e+00 2.750000000000000000e+00 -5.778228180069286957e-01
0.000000000000000000e+00 3.000000000000000000e+00 -1.070098737113306342e+01
2.500000000000000000e-01 3.000000000000000000e+00 -9.825982868907617629e+00
5.000000000000000000e-01 3.000000000000000000e+00 -8.967431213030094383e+00
7.500000000000000000e-01 3.000000000000000000e+00 -8.090346242674188559e+00
1.000000000000000000e+00 3.000000000000000000e+00 -7.190406220042922847e+00
1.250000000000000000e+00 3.000000000000000000e+00 -6.292227929925910956e+00
1.500000000000000000e+00 3.000000000000000000e+00 -5.440852277489238276e+00
1.750000000000000000e+00 3.000000000000000000e+00 -4.688494395749190247e+00
2.000000000000000000e+00 3.000000000000000000e+00 -4.079774055777322772e+00
2.250000000000000000e+00 3.000000000000000000e+00 -3.639017257057854948e+00
2.500000000000000000e+00 3.000000000000000000e+00 -3.362715467079835818e+00
2.750000000000000000e+00 3.000000000000000000e+00 -3.218968609120282043e+00
3.000000000000000000e+00 3.000000000000000000e+00 -3.154030178354411351e+00
3.250000000000000000e+00 3.000000000000000000e+00 -3.104335935317960260e+00
3.500000000000000000e+00 3.000000000000000000e+00 -3.011056768028264052e+00
3.750000000000000000e+00 3.000000000000000000e+00 -2.833599840252206903e+00
4.000000000000000000e+00 3.000000000000000000e+00 -2.558741007234673681e+00
4.250000000000000000e+00 3.000000000000000000e+00 -2.203142320158542500e+00
4.500000000000000000e+00 3.000000000000000000e+00 -1.808629093256418852e+00
4.750000000000000000e+00 3.000000000000000000e+00 -1.431374694418346749e+00
5.000000000000000000e+00 3.000000000000000000e+00 -1.127633693315353014e+00
5.250000000000000000e+00 3.000000000000000000e+00 -9.395098620753652430e-01
5.500000000000000000e+00 3.000000000000000000e+00 -8.842376860228693403e-01
5.750000000000000000e+00 3.000000000000000000e+00 -9.495964336663075267e-01
6.000000000000000000e+00 3.000000000000000000e+00 -1.096574925984252991e+00
6.250000000000000000e+00 3.000000000000000000e+00 -1.268630417081167749e+00
6.500000000000000000e+00 3.000000000000000000e+00 -1.405270973066019558e+00
6.750000000000000000e+00 3.000000000000000000e+00 -1.456632588849393173e+00
7.000000000000000000e+00 3.000000000000000000e+00 -1.395479089817911689e+00
7.250000000000000000e+00 3.000000000000000000e+00 -1.223684173588753366e+00
7.500000000000000000e+00 3.000000000000000000e+00 -9.716061940132403318e-01
7.750000000000000000e+00 3.000000000000000000e+00 -6.905066464923432790e-01
0.000000000000000000e+00 3.250000000000000000e+00 -1.070391679794954953e+01
2.500000000000000000e-01 3.250000000000000000e+00 -9.919549320991638552e+00
5.000000000000000000e-01 3.250000000000000000e+00 -9.132889663573665828e+00
7.500000000000000000e-01 3.250000000000000000e+00 -8.311665547173928914e+00
1.000000000000000000e+00 3.250000000000000000e+00 -7.454009040244269357e+00
1.250000000000000000e+00 3.250000000000000000e+00 -6.586772956651133271e+00
1.500000000000000000e+00 3.250000000000000000e+00 -5.757024312800439247e+00
1.750000000000000000e+00 3.250000000000000000e+00 -5.018777158810393324e+00
2.000000000000000000e+00 3.250000000000000000e+00 -4.418194655205239130e+00
2.250000000000000000e+00 3.250000000000000000e+00 -3.980866843470862282e+00
2.500000000000000000e+00 3.250000000000000000e+00 -3.704263976224447141e+00
2.750000000000000000e+00 3.250000000000000000e+00 -3.557199576877795089e+00
3.000000000000000000e+00 3.250000000000000000e+00 -3.486422491429882253e+00
3.250000000000000000e+00 3.250000000000000000e+00 -3.428712959427185680e+00
3.500000000000000000e+00 3.250000000000000000e+00 -3.325511229444466643e+00
3.750000000000000000e+00 3.250000000000000000e+00 -3.136488158570093887e+00
4.000000000000000000e+00 3.250000000000000000e+00 -2.848727149367412004e+00
4.250000000000000000e+00 3.250000000000000000e+00 -2.479262064846898816e+00
4.500000000000000000e+00 3.250000000000000000e+00 -2.070343162676355764e+00
4.750000000000000000e+00 3.250000000000000000e+00 -1.678584167246710335e+00
5.000000000000000000e+00 3.250000000000000000e+00 -1.360642289219160528e+00
5.250000000000000000e+00 3.250000000000000000e+00 -1.158932381098530584e+00
5.500000000000000000e+00 3.250000000000000000e+00 -1.090868532148695058e+00
5.750000000000000000e+00 3.250000000000000000e+00 -1.144263192152287223e+00
6.000000000000000000e+00 3.250000000000000000e+00 -1.280006720463967129e+00
6.250000000000000000e+00 3.250000000000000000e+00 -1.441368101998075968e+00
6.500000000000000000e+00 3.250000000000000000e+00 -1.567636792542577151e+00
6.750000000000000000e+00 3.250000000000000000e+00 -1.608763078694337212e+00
7.000000000000000000e+00 3.250000000000000000e+00 -1.537410121681120012e+00
7.250000000000000000e+00 3.250000000000000000e+00 -1.355464794666711548e+00
7.500000000000000000e+00 3.250000000000000000e+00 -1.093411311554212118e+00
7.750000000000000000e+00 3.250000000000000000e+00 -8.027192703931433915e-01
0.000000000000000000e+00 3.500000000000000000e+00 -1.066308008763513904e+01
2.500000000000000000e-01 3.500000000000000000e+00 -9.951595287975594673e+00
5.000000000000000000e-01 3.500000000000000000e+00 -9.227790503898908980e+00
7.500000000000000000e-01 3.500000000000000000e+00 -8.462924972885378594e+00
1.000000000000000000e+00 3.500000000000000000e+00 -7.656676956083732222e+00
1.250000000000000000e+00 3.500000000000000000e+00 -6.835584728006987909e+00
1.500000000000000000e+00 3.500000000000000000e+00 -6.045057347694679173e+00
1.750000000000000000e+00 3.500000000000000000e+00 -5.336898229212048150e+00
2.000000000000000000e+00 3.500000000000000000e+00 -4.755384313991014800e+00
2.250000000000000000e+00 3.500000000000000000e+00 -4.325298344407865869e+00
2.500000000000000000e+00 3.500000000000000000e+00 -4.044834514205443377e+00
2.750000000000000000e+00 3.500000000000000000e+00 -3.885105476342183284e+00
3.000000000000000000e+00 3.500000000000000000e+00 -3.796363245653608498e+00
3.250000000000000000e+00 3.500000000000000000e+00 -3.719403466157752636e+00
3.500000000000000000e+00 3.500000000000000000e+00 -3.599354107522213297e+00
3.750000000000000000e+00 3.500000000000000000e+00 -3.398466467784612810e+00
4.000000000000000000e+00 3.500000000000000000e+00 -3.104771179774814094e+00
4.250000000000000000e+00 3.500000000000000000e+00 -2.734474811067661104e+00
4.500000000000000000e+00 3.500000000000000000e+00 -2.327505624693424924e+00
4.750000000000000000e+00 3.500000000000000000e+00 -1.937294807902643523e+00
5.000000000000000000e+00 3.500000000000000000e+00 -1.617291213369662417e+00
5.250000000000000000e+00 3.500000000000000000e+00 -1.407507752155509051e+00
5.500000000000000000e+00 3.500000000000000000e+00 -1.324390142401908665e+00
5.750000000000000000e+00 3.500000000000000000e+00 -1.356485575269433363e+00
6.000000000000000000e+00 3.500000000000000000e+00 -1.466969098194966126e+00
6.250000000000000000e+00 3.500000000000000000e+00 -1.602406744517919535e+00
6.500000000000000000e+00 3.500000000000000000e+00 -1.705607681679414789e+00
6.750000000000000000e+00 3.500000000000000000e+00 -1.729416712744539897e+00
7.000000000000000000e+00 3.500000000000000000e+00 -1.648068414051696795e+00
7.250000000000000000e+00 3.500000000000000000e+00 -1.463321351660392677e+00
7.500000000000000000e+00 3.500000000000000000e+00 -1.203868986813686259e+00
7.750000000000000000e+00 3.500000000000000000e+00 -9.181701171601421851e-01
0.000000000000000000e+00 3.750000000000000000e+00 -1.058101626904778669e+01
2.500000000000000000e-01 3.750000000000000000e+00 -9.926111639827418287e+00
5.000000000000000000e-01 3.750000000000000000e+00 -9.256805811996402511e+00
7.500000000000000000e-01 3.750000000000000000e+00 -8.548757847335950899e+00
1.000000000000000000e+00 3.750000000000000000e+00 -7.802411118747690999e+00
1.250000000000000000e+00 3.750000000000000000e+00 -7.041641170445242182e+00
1.500000000000000000e+00 3.750000000000000000e+00 -6.306767651690585730e+00
1.750000000000000000e+00 3.750000000000000000e+00 -5.643633029502385767e+00
2.000000000000000000e+00 3.750000000000000000e+00 -5.091414443367573206e+00
2.250000000000000000e+00 3.750000000000000000e+00 -4.672145849636429205e+00
2.500000000000000000e+00 3.750000000000000000e+00 -4.384509428466931702e+00
2.750000000000000000e+00 3.750000000000000000e+00 -4.203410479740085748e+00
3.000000000000000000e+00 3.750000000000000000e+00 -4.085434510385229423e+00
3.250000000000000000e+00 3.750000000000000000e+00 -3.978845487094425426e+00
3.500000000000000000e+00 3.750000000000000000e+00 -3.835672794351019377e+00
3.750000000000000000e+00 3.750000000000000000e+00 -3.622923418756899938e+00
4.000000000000000000e+00 3.750000000000000000e+00 -3.330170394728472427e+00
4.250000000000000000e+00 3.750000000000000000e+00 -2.971656075651332163e+00
4.500000000000000000e+00 3.750000000000000000e+00 -2.582392042719992453e+00
4.750000000000000000e+00 3.750000000000000000e+00 -2.209207559008360189e+00
5.000000000000000000e+00 3.750000000000000000e+00 -1.898935490103793589e+00
5.250000000000000000e+00 3.750000000000000000e+00 -1.686625682511857960e+00
5.500000000000000000e+00 3.750000000000000000e+00 -1.586669272240004425e+00
5.750000000000000000e+00 3.750000000000000000e+00 -1.589004885991543770e+00
6.000000000000000000e+00 3.750000000000000000e+00 -1.661333644885170768e+00
6.250000000000000000e+00 3.750000000000000000e+00 -1.756798874241039421e+00
6.500000000000000000e+00 3.750000000000000000e+00 -1.825248617542143181e+00
6.750000000000000000e+00 3.750000000000000000e+00 -1.825321990661300520e+00
7.000000000000000000e+00 3.750000000000000000e+00 -1.734398830169498140e+00
7.250000000000000000e+00 3.750000000000000000e+00 -1.553975342263311576e+00
7.500000000000000000e+00 3.750000000000000000e+00 -1.309148436862047626e+00
7.750000000000000000e+00 3.750000000000000000e+00 -1.042333925794830973e+00
0.000000000000000000e+00 4.000000000000000000e+00 -1.046282767295761218e+01
2.500000000000000000e-01 4.000000000000000000e+00 -9.850207341262791516e+00
5.000000000000000000e-01 4.000000000000000000e+00 -9.228011800091735495e+00
7.500000000000000000e-01 4.000000000000000000e+00 -8.577103098076634069e+00
1.000000000000000000e+00 4.000000000000000000e+00 -7.898035625408499349e+00
1.250000000000000000e+00 4.000000000000000000e+00 -7.209985333404138608e+00
1.500000000000000000e+00 4.000000000000000000e+00 -6.545188794555474310e+00
1.750000000000000000e+00 4.000000000000000000e+00 -5.940248516278876956e+00
2.000000000000000000e+00 4.000000000000000000e+00 -5.426428548490415338e+00
2.250000000000000000e+00 4.000000000000000000e+00 -5.021311985135618272e+00
2.500000000000000000e+00 4.000000000000000000e+00 -4.723858843630488025e+00
2.750000000000000000e+00 4.000000000000000000e+00 -4.514070574181950235e+00
3.000000000000000000e+00 4.000000000000000000e+00 -4.357339864328142021e+00
3.250000000000000000e+00 4.000000000000000000e+00 -4.212417536934998985e+00
3.500000000000000000e+00 4.000000000000000000e+00 -4.041042986882025012e+00
3.750000000000000000e+00 4.000000000000000000e+00 -3.816877529458647444e+00
4.000000000000000000e+00 4.000000000000000000e+00 -3.531550908843824388e+00
4.250000000000000000e+00 4.000000000000000000e+00 -3.196338202909834170e+00
4.500000000000000000e+00 4.000000000000000000e+00 -2.839054366801011753e+00
4.750000000000000000e+00 4.000000000000000000e+00 -2.496924708480848576e+00
5.000000000000000000e+00 4.000000000000000000e+00 -2.207174971606156166e+00
5.250000000000000000e+00 4.000000000000000000e+00 -1.997643159637462862e+00
5.500000000000000000e+00 4.000000000000000000e+00 -1.879710040718100883e+00
5.750000000000000000e+00 4.000000000000000000e+00 -1.845277698072514294e+00
6.000000000000000000e+00 4.000000000000000000e+00 -1.868534498290182366e+00
6.250000000000000000e+00 4.000000000000000000e+00 -1.912073070022463295e+00
6.500000000000000000e+00 4.000000000000000000e+00 -1.935862211499257857e+00
6.750000000000000000e+00 4.000000000000000000e+00 -1.906874991619210036e+00
7.000000000000000000e+00 4.000000000000000000e+00 -1.807014731478057801e+00
7.250000000000000000e+00 4.000000000000000000e+00 -1.637397366620279460e+00
7.500000000000000000e+00 4.000000000000000000e+00 -1.417940845009836526e+00
7.750000000000000000e+00 4.000000000000000000e+00 -1.182361281538423459e+00
0.000000000000000000e+00 4.250000000000000000e+00 -1.031586269383233656e+01
2.500000000000000000e-01 4.250000000000000000e+00 -9.733739525620697108e+00
5.000000000000000000e-01 4.250000000000000000e+00 -9.152488433046189087e+00
7.500000000000000000e-01 4.250000000000000000e+00 -8.558815888869517607e+00
1.000000000000000000e+00 4.250000000000000000e+00 -7.952863833236778035e+00
1.250000000000000000e+00 4.250000000000000000e+00 -7.347480590958471502e+00
1.500000000000000000e+00 4.250000000000000000e+00 -6.764427203574604697e+00
1.750000000000000000e+00 4.250000000000000000e+00 -6.228444900207356305e+00
2.000000000000000000e+00 4.250000000000000000e+00 -5.760633305982102215e+00
2.250000000000000000e+00 4.250000000000000000e+00 -5.372757935414200325e+00
2.500000000000000000e+00 4.250000000000000000e+00 -5.063878177022496985e+00
2.750000000000000000e+00 4.250000000000000000e+00 -4.820119006441924370e+00
3.000000000000000000e+00 4.250000000000000000e+00 -4.617640127888131829e+00
3.250000000000000000e+00 4.250000000000000000e+00 -4.428073548325909492e+00
3.500000000000000000e+00 4.250000000000000000e+00 -4.225096366967127537e+00
3.750000000000000000e+00 4.250000000000000000e+00 -3.990527749977708538e+00
4.000000000000000000e+00 4.250000000000000000e+00 -3.718455675366428625e+00
4.250000000000000000e+00 4.250000000000000000e+00 -3.416381525088015181e+00
4.500000000000000000e+00 4.250000000000000000e+00 -3.103100840066794319e+00
4.750000000000000000e+00 4.250000000000000000e+00 -2.803837751735282602e+00
5.000000000000000000e+00 4.250000000000000000e+00 -2.543823089731187981e+00
5.250000000000000000e+00 4.250000000000000000e+00 -2.341887291999424914e+00
5.500000000000000000e+00 4.250000000000000000e+00 -2.205635698021025881e+00
5.750000000000000000e+00 4.250000000000000000e+00 -2.129386456682330397e+00
6.000000000000000000e+00 4.250000000000000000e+00 -2.095374964351866875e+00
6.250000000000000000e+00 4.250000000000000000e+00 -2.077929052107204466e+00
6.500000000000000000e+00 4.250000000000000000e+00 -2.049591857679495810e+00
6.750000000000000000e+00 4.250000000000000000e+00 -1.987692512179551230e+00
7.000000000000000000e+00 4.250000000000000000e+00 -1.879755182918642298e+00
7.250000000000000000e+00 4.250000000000000000e+00 -1.726421473036330090e+00
7.500000000000000000e+00 4.250000000000000000e+00 -1.541170040846409295e+00
7.750000000000000000e+00 4.250000000000000000e+00 -1.346901496325622505e+00
0.000000000000000000e+00 4.500000000000000000e+00 -1.014925890226066230e+01
2.500000000000000000e-01 4.500000000000000000e+00 -9.588756552397066812e+00
5.000000000000000000e-01 4.500000000000000000e+00 -9.043710366952014468e+00
7.500000000000000000e-01 4.500000000000000000e+00 -8.507075397920452531e+00
1.000000000000000000e+00 4.500000000000000000e+00 -7.978191989860110134e+00
1.250000000000000000e+00 4.500000000000000000e+00 -7.462439695255754124e+00
1.500000000000000000e+00 4.500000000000000000e+00 -6.969443091465924667e+00
1.750000000000000000e+00 4.500000000000000000e+00 -6.510266943923708638e+00
2.000000000000000000e+00 4.500000000000000000e+00 -6.094285713780888791e+00
2.250000000000000000e+00 4.500000000000000000e+00 -5.726492243629709655e+00
2.500000000000000000e+00 4.500000000000000000e+00 -5.405903026205735706e+00
2.750000000000000000e+00 4.500000000000000000e+00 -5.125449070742972069e+00
3.000000000000000000e+00 4.500000000000000000e+00 -4.873377741559840715e+00
3.250000000000000000e+00 4.500000000000000000e+00 -4.635821085609398651e+00
3.500000000000000000e+00 4.500000000000000000e+00 -4.399900644540023720e+00
3.750000000000000000e+00 4.500000000000000000e+00 -4.156607468120149917e+00
4.000000000000000000e+00 4.500000000000000000e+00 -3.902751151559699760e+00
4.250000000000000000e+00 4.500000000000000000e+00 -3.641499717777492595e+00
4.500000000000000000e+00 4.500000000000000000e+00 -3.381377235272056136e+00
4.750000000000000000e+00 4.500000000000000000e+00 -3.133963718106163476e+00
5.000000000000000000e+00 4.500000000000000000e+00 -2.910859633503263932e+00
5.250000000000000000e+00 4.500000000000000000e+00 -2.720657441499036100e+00
5.500000000000000000e+00 4.500000000000000000e+00 -2.566660915679966681e+00
5.750000000000000000e+00 4.500000000000000000e+00 -2.445909954650075768e+00
6.000000000000000000e+00 4.500000000000000000e+00 -2.349749005090578713e+00
6.250000000000000000e+00 4.500000000000000000e+00 -2.265799325750999405e+00
6.500000000000000000e+00 4.500000000000000000e+00 -2.180851648606770610e+00
6.750000000000000000e+00 4.500000000000000000e+00 -2.083970482038337568e+00
7.000000000000000000e+00 4.500000000000000000e+00 -1.969049515444489584e+00
7.250000000000000000e+00 4.500000000000000000e+00 -1.836192004203108352e+00
7.500000000000000000e+00 4.500000000000000000e+00 -1.691577727869233438e+00
7.750000000000000000e+00 4.500000000000000000e+00 -1.545848680645816930e+00
0.000000000000000000e+00 4.750000000000000000e+00 -9.973374915070165159e+00
2.500000000000000000e-01 4.750000000000000000e+00 -9.428793180932730777e+00
5.000000000000000000e-01 4.750000000000000000e+00 -8.916773029250347093e+00
7.500000000000000000e-01 4.750000000000000000e+00 -8.436632247455127853e+00
1.000000000000000000e+00 4.750000000000000000e+00 -7.986656257235696721e+00
1.250000000000000000e+00 4.750000000000000000e+00 -7.564153970330247390e+00
1.500000000000000000e+00 4.750000000000000000e+00 -7.165772283699245015e+00
1.750000000000000000e+00 4.750000000000000000e+00 -6.787991163879178558e+00
2.000000000000000000e+00 4.750000000000000000e+00 -6.427677112253674885e+00
2.250000000000000000e+00 4.750000000000000000e+00 -6.082558562724285522e+00
2.500000000000000000e+00 4.750000000000000000e+00 -5.751505927493892223e+00
2.750000000000000000e+00 4.750000000000000000e+00 -5.434546883473749368e+00
3.000000000000000000e+00 4.750000000000000000e+00 -5.132612359426172333e+00
3.250000000000000000e+00 4.750000000000000000e+00 -4.847074660646253363e+00
3.500000000000000000e+00 4.750000000000000000e+00 -4.579190100503274685e+00
3.750000000000000000e+00 4.750000000000000000e+00 -4.329581926572698691e+00
4.000000000000000000e+00 4.750000000000000000e+00 -4.097889499866520957e+00
4.250000000000000000e+00 4.750000000000000000e+00 -3.882669015460378681e+00
4.500000000000000000e+00 4.750000000000000000e+00 -3.681569499210951335e+00
4.750000000000000000e+00 4.750000000000000000e+00 -3.491740448825029208e+00
5.000000000000000000e+00 4.750000000000000000e+00 -3.310370802028189896e+00
5.250000000000000000e+00 4.750000000000000000e+00 -3.135226788665787634e+00
5.500000000000000000e+00 4.750000000000000000e+00 -2.965056522880377798e+00
5.750000000000000000e+00 4.750000000000000000e+00 -2.799761842845447379e+00
6.000000000000000000e+00 4.750000000000000000e+00 -2.640294914784924174e+00
6.250000000000000000e+00 4.750000000000000000e+00 -2.488304527389944898e+00
6.500000000000000000e+00 4.750000000000000000e+00 -2.345618308158536003e+00
6.750000000000000000e+00 4.750000000000000000e+00 -2.213687284990407900e+00
7.000000000000000000e+00 4.750000000000000000e+00 -2.093128454272330519e+00
7.250000000000000000e+00 4.750000000000000000e+00 -1.983477038985781649e+00
7.500000000000000000e+00 4.750000000000000000e+00 -1.883208797689823744e+00
7.750000000000000000e+00 4.750000000000000000e+00 -1.790026643211312551e+00
0.000000000000000000e+00 5.000000000000000000e+00 -9.799146346704102228e+00
2.500000000000000000e-01 5.000000000000000000e+00 -9.268064724998486881e+00
5.000000000000000000e-01 5.000000000000000000e+00 -8.787506017425339877e+00
7.500000000000000000e-01 5.000000000000000000e+00 -8.362946290730294052e+00
1.000000000000000000e+00 5.000000000000000000e+00 -7.991496298104051377e+00
1.250000000000000000e+00 5.000000000000000000e+00 -7.662354181500253603e+00
1.500000000000000000e+00 5.000000000000000000e+00 -7.359207592354215066e+00
1.750000000000000000e+00 5.000000000000000000e+00 -7.063996529558793647e+00
2.000000000000000000e+00 5.000000000000000000e+00 -6.761115070063070220e+00
2.250000000000000000e+00 5.000000000000000000e+00 -6.441022737476454374e+00
2.500000000000000000e+00 5.000000000000000000e+00 -6.102380820254356131e+00
2.750000000000000000e+00 5.000000000000000000e+00 -5.752190118625322590e+00
3.000000000000000000e+00 5.000000000000000000e+00 -5.403895942029488531e+00
3.250000000000000000e+00 5.000000000000000000e+00 -5.073923888390962311e+00
3.500000000000000000e+00 5.000000000000000000e+00 -4.777494156437247952e+00
3.750000000000000000e+00 5.000000000000000000e+00 -4.524738802126488046e+00
4.000000000000000000e+00 5.000000000000000000e+00 -4.318072197603032514e+00
4.250000000000000000e+00 5.000000000000000000e+00 -4.151458141170497385e+00
4.500000000000000000e+00 5.000000000000000000e+00 -4.011752717362980114e+00
4.750000000000000000e+00 5.000000000000000000e+00 -3.881793806279696835e+00
5.000000000000000000e+00 5.000000000000000000e+00 -3.744480516027768324e+00
5.250000000000000000e+00 5.000000000000000000e+00 -3.586843459021197500e+00
5.500000000000000000e+00 5.000000000000000000e+00 -3.403109048536492320e+00
5.750000000000000000e+00 5.000000000000000000e+00 -3.196007304097661983e+00
6.000000000000000000e+00 5.000000000000000000e+00 -2.976002717176832846e+00
6.250000000000000000e+00 5.000000000000000000e+00 -2.758636247981368861e+00
6.500000000000000000e+00 5.000000000000000000e+00 -2.560628996526657097e+00
6.750000000000000000e+00 5.000000000000000000e+00 -2.395701287413192659e+00
7.000000000000000000e+00 5.000000000000000000e+00 -2.271130594754357634e+00
7.250000000000000000e+00 5.000000000000000000e+00 -2.185890849747300635e+00
7.500000000000000000e+00 5.000000000000000000e+00 -2.130828505167566611e+00
7.750000000000000000e+00 5.000000000000000000e+00 -2.090832070902301609e+00
0.000000000000000000e+00 5.250000000000000000e+00 -9.637405885681117113e+00
2.500000000000000000e-01 5.250000000000000000e+00 -9.120612403190516915e+00
5.000000000000000000e-01 5.250000000000000000e+00 -8.671531782907832664e+00
7.500000000000000000e-01 5.250000000000000000e+00 -8.301271130949716692e+00
1.000000000000000000e+00 5.250000000000000000e+00 -8.005773487542006350e+00
1.250000000000000000e+00 5.250000000000000000e+00 -7.766638228895376805e+00
1.500000000000000000e+00 5.250000000000000000e+00 -7.555460528575776102e+00
1.750000000000000000e+00 5.250000000000000000e+00 -7.340627124498504408e+00
2.000000000000000000e+00 5.250000000000000000e+00 -7.094904261037640936e+00
2.250000000000000000e+00 5.250000000000000000e+00 -6.801959735763595916e+00
2.500000000000000000e+00 5.250000000000000000e+00 -6.460221960293552890e+00
2.750000000000000000e+00 5.250000000000000000e+00 -6.083130947684588286e+00
3.000000000000000000e+00 5.250000000000000000e+00 -5.695719531677334579e+00
3.250000000000000000e+00 5.250000000000000000e+00 -5.328361620542552579e+00
3.500000000000000000e+00 5.250000000000000000e+00 -5.009217906802104991e+00
3.750000000000000000e+00 5.250000000000000000e+00 -4.757228371703015490e+00
4.000000000000000000e+00 5.250000000000000000e+00 -4.577367057882859136e+00
4.250000000000000000e+00 5.250000000000000000e+00 -4.459320710121689402e+00
4.500000000000000000e+00 5.250000000000000000e+00 -4.379914610005904763e+00
4.750000000000000000e+00 5.250000000000000000e+00 -4.308691494476331485e+00
5.000000000000000000e+00 5.250000000000000000e+00 -4.215277470904107204e+00
5.250000000000000000e+00 5.250000000000000000e+00 -4.076731329521388503e+00
5.500000000000000000e+00 5.250000000000000000e+00 -3.883077725894041432e+00
5.750000000000000000e+00 5.250000000000000000e+00 -3.639669364739751334e+00
6.000000000000000000e+00 5.250000000000000000e+00 -3.365799693842161489e+00
6.250000000000000000e+00 5.250000000000000000e+00 -3.089905628825350359e+00
6.500000000000000000e+00 5.250000000000000000e+00 -2.842534714786452810e+00
6.750000000000000000e+00 5.250000000000000000e+00 -2.648798480225527552e+00
7.000000000000000000e+00 5.250000000000000000e+00 -2.522159542138374011e+00
7.250000000000000000e+00 5.250000000000000000e+00 -2.461073477493350481e+00
7.500000000000000000e+00 5.250000000000000000e+00 -2.449307534879585191e+00
7.750000000000000000e+00 5.250000000000000000e+00 -2.459858046139691279e+00
0.000000000000000000e+00 5.500000000000000000e+00 -9.498209770490428028e+00
2.500000000000000000e-01 5.500000000000000000e+00 -8.999454524174343106e+00
5.000000000000000000e-01 5.500000000000000000e+00 -8.583330164348598856e+00
7.500000000000000000e-01 5.500000000000000000e+00 -8.265744292471289612e+00
1.000000000000000000e+00 5.500000000000000000e+00 -8.041594017150048401e+00
1.250000000000000000e+00 5.500000000000000000e+00 -7.885902445804778615e+00
1.500000000000000000e+00 5.500000000000000000e+00 -7.759825114803335033e+00
1.750000000000000000e+00 5.500000000000000000e+00 -7.620055626300653806e+00
2.000000000000000000e+00 5.500000000000000000e+00 -7.429327521028914028e+00
2.250000000000000000e+00 5.500000000000000000e+00 -7.165441024667878800e+00
2.500000000000000000e+00 5.500000000000000000e+00 -6.826604472806396373e+00
2.750000000000000000e+00 5.500000000000000000e+00 -6.431782519523686403e+00
3.000000000000000000e+00 5.500000000000000000e+00 -6.015965752766087249e+00
3.250000000000000000e+00 5.500000000000000000e+00 -5.621519760898121554e+00
3.500000000000000000e+00 5.500000000000000000e+00 -5.287731586196191991e+00
3.750000000000000000e+00 5.500000000000000000e+00 -5.041112847745018222e+00
4.000000000000000000e+00 5.500000000000000000e+00 -4.888833561134043215e+00
4.250000000000000000e+00 5.500000000000000000e+00 -4.816894182439588334e+00
4.500000000000000000e+00 5.500000000000000000e+00 -4.793483325134303641e+00
4.750000000000000000e+00 5.500000000000000000e+00 -4.776698968554128122e+00
5.000000000000000000e+00 5.500000000000000000e+00 -4.724742645085765247e+00
5.250000000000000000e+00 5.500000000000000000e+00 -4.606090625122076787e+00
5.500000000000000000e+00 5.500000000000000000e+00 -4.407151753784241066e+00
5.750000000000000000e+00 5.500000000000000000e+00 -4.135536951799995364e+00
6.000000000000000000e+00 5.500000000000000000e+00 -3.818139813565303964e+00
6.250000000000000000e+00 5.500000000000000000e+00 -3.494498162662851737e+00
6.500000000000000000e+00 5.500000000000000000e+00 -3.207061814070923056e+00
6.750000000000000000e+00 5.500000000000000000e+00 -2.990749263461420782e+00
7.000000000000000000e+00 5.500000000000000000e+00 -2.864350122000525189e+00
7.250000000000000000e+00 5.500000000000000000e+00 -2.825878214667521426e+00
7.500000000000000000e+00 5.500000000000000000e+00 -2.853013002277855037e+00
7.750000000000000000e+00 5.500000000000000000e+00 -2.908521190589858918e+00
0.000000000000000000e+00 5.750000000000000000e+00 -9.390212541389162837e+00
2.500000000000000000e-01 5.750000000000000000e+00 -8.915797372138035470e+00
5.000000000000000000e-01 5.750000000000000000e+00 -8.535368424821905720e+00
7.500000000000000000e-01 5.750000000000000000e+00 -8.268541089184052950e+00
1.000000000000000000e+00 5.750000000000000000e+00 -8.109386430255719702e+00
1.250000000000000000e+00 5.750000000000000000e+00 -8.027812759052407543e+00
1.500000000000000000e+00 5.750000000000000000e+00 -7.976865249832766125e+00
1.750000000000000000e+00 5.750000000000000000e+00 -7.904156336314715148e+00
2.000000000000000000e+00 5.750000000000000000e+00 -7.764628262548019855e+00
2.250000000000000000e+00 5.750000000000000000e+00 -7.531523008217645199e+00
2.500000000000000000e+00 5.750000000000000000e+00 -7.202873707345559318e+00
2.750000000000000000e+00 5.750000000000000000e+00 -6.801928175842437696e+00
3.000000000000000000e+00 5.750000000000000000e+00 -6.371400796555792390e+00
3.250000000000000000e+00 5.750000000000000000e+00 -5.962960045549906773e+00
3.500000000000000000e+00 5.750000000000000000e+00 -5.624525426248254689e+00
3.750000000000000000e+00 5.750000000000000000e+00 -5.388483913077384280e+00
4.000000000000000000e+00 5.750000000000000000e+00 -5.263710879858596314e+00
4.250000000000000000e+00 5.750000000000000000e+00 -5.233349019194393215e+00
4.500000000000000000e+00 5.750000000000000000e+00 -5.258889003589208855e+00
4.750000000000000000e+00 5.750000000000000000e+00 -5.289552754344956753e+00
5.000000000000000000e+00 5.750000000000000000e+00 -5.274681922367290277e+00
5.250000000000000000e+00 5.750000000000000000e+00 -5.176098405702233229e+00
5.500000000000000000e+00 5.750000000000000000e+00 -4.977410576334044379e+00
5.750000000000000000e+00 5.750000000000000000e+00 -4.687986686956890026e+00
6.000000000000000000e+00 5.750000000000000000e+00 -4.340622590010722703e+00
6.250000000000000000e+00 5.750000000000000000e+00 -3.983474754756621827e+00
6.500000000000000000e+00 5.750000000000000000e+00 -3.668233624382541969e+00
6.750000000000000000e+00 5.750000000000000000e+00 -3.437432852148793572e+00
7.000000000000000000e+00 5.750000000000000000e+00 -3.314001523630853541e+00
7.250000000000000000e+00 5.750000000000000000e+00 -3.295617311959656348e+00
7.500000000000000000e+00 5.750000000000000000e+00 -3.355243078156435743e+00
7.750000000000000000e+00 5.750000000000000000e+00 -3.447715506646138461e+00
0.000000000000000000e+00 6.000000000000000000e+00 -9.320128943006761091e+00
2.500000000000000000e-01 6.000000000000000000e+00 -8.878355662708239393e+00
5.000000000000000000e-01 6.000000000000000000e+00 -8.537351995632745272e+00
7.500000000000000000e-01 6.000000000000000000e+00 -8.319145907771916981e+00
1.000000000000000000e+00 6.000000000000000000e+00 -8.217279442571474135e+00
1.250000000000000000e+00 6.000000000000000000e+00 -8.198349277442540384e+00
1.500000000000000000e+00 6.000000000000000000e+00 -8.210145488211205489e+00
1.750000000000000000e+00 6.000000000000000000e+00 -8.194395841331397534e+00
2.000000000000000000e+00 6.000000000000000000e+00 -8.100995340554701940e+00
2.250000000000000000e+00 6.000000000000000000e+00 -7.900237113330172534e+00
2.500000000000000000e+00 6.000000000000000000e+00 -7.590050064600461610e+00
2.750000000000000000e+00 6.000000000000000000e+00 -7.196471243783578942e+00
3.000000000000000000e+00 6.000000000000000000e+00 -6.767237249509644670e+00
3.250000000000000000e+00 6.000000000000000000e+00 -6.360063696825831947e+00
3.500000000000000000e+00 6.000000000000000000e+00 -6.028482319739600470e+00
3.750000000000000000e+00 6.000000000000000000e+00 -5.808703258593473251e+00
4.000000000000000000e+00 6.000000000000000000e+00 -5.710719081322372048e+00
4.250000000000000000e+00 6.000000000000000000e+00 -5.715828563798817541e+00
4.500000000000000000e+00 6.000000000000000000e+00 -5.781186474080326043e+00
4.750000000000000000e+00 6.000000000000000000e+00 -5.850265395094520038e+00
5.000000000000000000e+00 6.000000000000000000e+00 -5.866668147601985517e+00
5.250000000000000000e+00 6.000000000000000000e+00 -5.787909031963407003e+00
5.500000000000000000e+00 6.000000000000000000e+00 -5.595789741959737107e+00
5.750000000000000000e+00 6.000000000000000000e+00 -5.300829547426414656e+00
6.000000000000000000e+00 6.000000000000000000e+00 -4.939665065275346656e+00
6.250000000000000000e+00 6.000000000000000000e+00 -4.566056228877521050e+00
6.500000000000000000e+00 6.000000000000000000e+00 -4.237700491842756989e+00
6.750000000000000000e+00 6.000000000000000000e+00 -4.002083593065453471e+00
7.000000000000000000e+00 6.000000000000000000e+00 -3.884831093717306949e+00
7.250000000000000000e+00 6.000000000000000000e+00 -3.883412621076346660e+00
7.500000000000000000e+00 6.000000000000000000e+00 -3.967740225154152256e+00
7.750000000000000000e+00 6.000000000000000000e+00 -4.087514335207754534e+00
0.000000000000000000e+00 6.250000000000000000e+00 -9.292316434046247409e+00
2.500000000000000000e-01 6.250000000000000000e+00 -8.892825427623746393e+00
5.000000000000000000e-01 6.250000000000000000e+00 -8.595643355583032275e+00
7.500000000000000000e-01 6.250000000000000000e+00 -8.423787061323290359e+00
1.000000000000000000e+00 6.250000000000000000e+00 -8.370619451874663497e+00
1.250000000000000000e+00 6.250000000000000000e+00 -8.401453154748159236e+00
1.500000000000000000e+00 6.250000000000000000e+00 -8.462022303344159724e+00
1.750000000000000000e+00 6.250000000000000000e+00 -8.491748253237078714e+00
2.000000000000000000e+00 6.250000000000000000e+00 -8.438551310370623781e+00
2.250000000000000000e+00 6.250000000000000000e+00 -8.271582034748993451e+00
2.500000000000000000e+00 6.250000000000000000e+00 -7.988755043866881955e+00
2.750000000000000000e+00 6.250000000000000000e+00 -7.617240769632327435e+00
3.000000000000000000e+00 6.250000000000000000e+00 -7.206794761295659768e+00
3.250000000000000000e+00 6.250000000000000000e+00 -6.817557745605393293e+00
3.500000000000000000e+00 6.250000000000000000e+00 -6.505313407049121643e+00
3.750000000000000000e+00 6.250000000000000000e+00 -6.307813289989340433e+00
4.000000000000000000e+00 6.250000000000000000e+00 -6.235516956007438161e+00
4.250000000000000000e+00 6.250000000000000000e+00 -6.269014521463664558e+00
4.500000000000000000e+00 6.250000000000000000e+00 -6.363762620701568729e+00
4.750000000000000000e+00 6.250000000000000000e+00 -6.460974258813614313e+00
5.000000000000000000e+00 6.250000000000000000e+00 -6.501996331242966498e+00
5.250000000000000000e+00 6.250000000000000000e+00 -6.442654685162887418e+00
5.500000000000000000e+00 6.250000000000000000e+00 -6.264054544621228793e+00
5.750000000000000000e+00 6.250000000000000000e+00 -5.977191972149920041e+00
6.000000000000000000e+00 6.250000000000000000e+00 -5.620247313795829314e+00
6.250000000000000000e+00 6.250000000000000000e+00 -5.249223280345474585e+00
6.500000000000000000e+00 6.250000000000000000e+00 -4.924219782819643676e+00
6.750000000000000000e+00 6.250000000000000000e+00 -4.694705915169638644e+00
7.000000000000000000e+00 6.250000000000000000e+00 -4.587395010572260290e+00
7.250000000000000000e+00 6.250000000000000000e+00 -4.599691374640468844e+00
7.500000000000000000e+00 6.250000000000000000e+00 -4.700313158158208715e+00
7.750000000000000000e+00 6.250000000000000000e+00 -4.836938862832909969e+00
0.000000000000000000e+00 6.500000000000000000e+00 -9.308504261607087216e+00
2.500000000000000000e-01 6.500000000000000000e+00 -8.961542566115953790e+00
5.000000000000000000e-01 6.500000000000000000e+00 -8.712885826467957173e+00
7.500000000000000000e-01 6.500000000000000000e+00 -8.585071008171574647e+00
1.000000000000000000e+00 6.500000000000000000e+00 -8.571658297164223228e+00
1.250000000000000000e+00 6.500000000000000000e+00 -8.638798101067763469e+00
1.500000000000000000e+00 6.500000000000000000e+00 -8.733509074164365060e+00
1.750000000000000000e+00 6.500000000000000000e+00 -8.796640414423633203e+00
2.000000000000000000e+00 6.500000000000000000e+00 -8.777344807783052261e+00
2.250000000000000000e+00 6.500000000000000000e+00 -8.645518535788754733e+00
2.500000000000000000e+00 6.500000000000000000e+00 -8.399162972048412001e+00
2.750000000000000000e+00 6.500000000000000000e+00 -8.064865114126712697e+00
3.000000000000000000e+00 6.500000000000000000e+00 -7.691279497656019259e+00
3.250000000000000000e+00 6.500000000000000000e+00 -7.337207345189868946e+00
3.500000000000000000e+00 6.500000000000000000e+00 -7.057191587725249349e+00
3.750000000000000000e+00 6.500000000000000000e+00 -6.888154597862063078e+00
4.000000000000000000e+00 6.500000000000000000e+00 -6.840350181427801601e+00
4.250000000000000000e+00 6.500000000000000000e+00 -6.894845093491856147e+00
4.500000000000000000e+00 6.500000000000000000e+00 -7.008146689431347554e+00
4.750000000000000000e+00 6.500000000000000000e+00 -7.122843698652198796e+00
5.000000000000000000e+00 6.500000000000000000e+00 -7.181654886460286491e+00
5.250000000000000000e+00 6.500000000000000000e+00 -7.141445999735802630e+00
5.500000000000000000e+00 6.500000000000000000e+00 -6.983783157326048929e+00
5.750000000000000000e+00 6.500000000000000000e+00 -6.719438845231270108e+00
6.000000000000000000e+00 6.500000000000000000e+00 -6.385747289945097549e+00
6.250000000000000000e+00 6.500000000000000000e+00 -6.037456704955292963e+00
6.500000000000000000e+00 6.500000000000000000e+00 -5.733318097694471760e+00
6.750000000000000000e+00 6.500000000000000000e+00 -5.521694162953656004e+00
7.000000000000000000e+00 6.500000000000000000e+00 -5.428711705809415200e+00
7.250000000000000000e+00 6.500000000000000000e+00 -5.451858292409465179e+00
7.500000000000000000e+00 6.500000000000000000e+00 -5.560590890135172160e+00
7.750000000000000000e+00 6.500000000000000000e+00 -5.703807479135155845e+00
0.000000000000000000e+00 6.750000000000000000e+00 -9.367685944976019030e+00
2.500000000000000000e-01 6.750000000000000000e+00 -9.083348652668338019e+00
5.000000000000000000e-01 6.750000000000000000e+00 -8.887856182170457586e+00
7.500000000000000000e-01 6.750000000000000000e+00 -8.801839194356265494e+00
1.000000000000000000e+00 6.750000000000000000e+00 -8.819431124891847773e+00
1.250000000000000000e+00 6.750000000000000000e+00 -8.909701081128737599e+00
1.500000000000000000e+00 6.750000000000000000e+00 -9.024223399425107317e+00
1.750000000000000000e+00 6.750000000000000000e+00 -9.108930570829947726e+00
2.000000000000000000e+00 6.750000000000000000e+00 -9.117347525107172501e+00
2.250000000000000000e+00 6.750000000000000000e+00 -9.021967058383323135e+00
2.500000000000000000e+00 6.750000000000000000e+00 -8.820981302578065453e+00
2.750000000000000000e+00 6.750000000000000000e+00 -8.538721137716736465e+00
3.000000000000000000e+00 6.750000000000000000e+00 -8.219695963254549653e+00
3.250000000000000000e+00 6.750000000000000000e+00 -7.917693099855799055e+00
3.500000000000000000e+00 6.750000000000000000e+00 -7.682605667842151043e+00
3.750000000000000000e+00 6.750000000000000000e+00 -7.548213936662033774e+00
4.000000000000000000e+00 6.750000000000000000e+00 -7.523911696778353253e+00
4.250000000000000000e+00 6.750000000000000000e+00 -7.592403326300512845e+00
4.500000000000000000e+00 6.750000000000000000e+00 -7.713935390382572699e+00
4.750000000000000000e+00 6.750000000000000000e+00 -7.836026729892719089e+00
5.000000000000000000e+00 6.750000000000000000e+00 -7.906314773923272199e+00
5.250000000000000000e+00 6.750000000000000000e+00 -7.885372850436553449e+00
5.500000000000000000e+00 6.750000000000000000e+00 -7.756360370013792860e+00
5.750000000000000000e+00 6.750000000000000000e+00 -7.529143180800290658e+00
6.000000000000000000e+00 6.750000000000000000e+00 -7.237875287694691018e+00
6.250000000000000000e+00 6.750000000000000000e+00 -6.932634014910331821e+00
6.500000000000000000e+00 6.750000000000000000e+00 -6.667156615496425687e+00
6.750000000000000000e+00 6.750000000000000000e+00 -6.485680833161904246e+00
7.000000000000000000e+00 6.750000000000000000e+00 -6.412111305475636236e+00
7.250000000000000000e+00 6.750000000000000000e+00 -6.444164250435190588e+00
7.500000000000000000e+00 6.750000000000000000e+00 -6.553924021007713208e+00
7.750000000000000000e+00 6.750000000000000000e+00 -6.694675263349044059e+00
0.000000000000000000e+00 7.000000000000000000e+00 -9.466181853722984485e+00
2.500000000000000000e-01 7.000000000000000000e+00 -9.253672627217305546e+00
5.000000000000000000e-01 7.000000000000000000e+00 -9.115555635739980289e+00
7.500000000000000000e-01 7.000000000000000000e+00 -9.069256830634161659e+00
1.000000000000000000e+00 7.000000000000000000e+00 -9.109832311105773073e+00
1.250000000000000000e+00 7.000000000000000000e+00 -9.211178019356211166e+00
1.500000000000000000e+00 7.000000000000000000e+00 -9.332420185150793301e+00
1.750000000000000000e+00 7.000000000000000000e+00 -9.427921916084272880e+00
2.000000000000000000e+00 7.000000000000000000e+00 -9.458455971220820047e+00
2.250000000000000000e+00 7.000000000000000000e+00 -9.400808233423989080e+00
2.500000000000000000e+00 7.000000000000000000e+00 -9.253460615384319965e+00
2.750000000000000000e+00 7.000000000000000000e+00 -9.036962025717897973e+00
3.000000000000000000e+00 7.000000000000000000e+00 -8.788896569664368386e+00
3.250000000000000000e+00 7.000000000000000000e+00 -8.554680944311206403e+00
3.500000000000000000e+00 7.000000000000000000e+00 -8.376444146913193833e+00
3.750000000000000000e+00 7.000000000000000000e+00 -8.282712131512191434e+00
4.000000000000000000e+00 7.000000000000000000e+00 -8.281422969645085175e+00
4.250000000000000000e+00 7.000000000000000000e+00 -8.357982647371798635e+00
4.500000000000000000e+00 7.000000000000000000e+00 -8.478837507285986064e+00
4.750000000000000000e+00 7.000000000000000000e+00 -8.599688677079772248e+00
5.000000000000000000e+00 7.000000000000000000e+00 -8.676337306030729835e+00
5.250000000000000000e+00 7.000000000000000000e+00 -8.675505317247479198e+00
5.500000000000000000e+00 7.000000000000000000e+00 -8.582982378106745358e+00
5.750000000000000000e+00 7.000000000000000000e+00 -8.407104426353031457e+00
6.000000000000000000e+00 7.000000000000000000e+00 -8.176712087323716460e+00
6.250000000000000000e+00 7.000000000000000000e+00 -7.934088832935682234e+00
6.500000000000000000e+00 7.000000000000000000e+00 -7.724607867374110981e+00
6.750000000000000000e+00 7.000000000000000000e+00 -7.585622542914810751e+00
7.000000000000000000e+00 7.000000000000000000e+00 -7.537320319517748501e+00
7.250000000000000000e+00 7.000000000000000000e+00 -7.577779537833466250e+00
7.500000000000000000e+00 7.000000000000000000e+00 -7.683439279962579249e+00
7.750000000000000000e+00 7.000000000000000000e+00 -7.814867279638684217e+00
0.000000000000000000e+00 7.250000000000000000e+00 -9.597867989299281533e+00
2.500000000000000000e-01 7.250000000000000000e+00 -9.464823513121798371e+00
5.000000000000000000e-01 7.250000000000000000e+00 -9.387533867116559350e+00
7.500000000000000000e-01 7.250000000000000000e+00 -9.379128413880389203e+00
1.000000000000000000e+00 7.250000000000000000e+00 -9.435885006177251455e+00
1.250000000000000000e+00 7.250000000000000000e+00 -9.538141265797731805e+00
1.500000000000000000e+00 7.250000000000000000e+00 -9.655108586973119245e+00
1.750000000000000000e+00 7.250000000000000000e+00 -9.752410228413882720e+00
2.000000000000000000e+00 7.250000000000000000e+00 -9.800497906141211857e+00
2.250000000000000000e+00 7.250000000000000000e+00 -9.781886211647334406e+00
2.500000000000000000e+00 7.250000000000000000e+00 -9.695433617509616298e+00
2.750000000000000000e+00 7.250000000000000000e+00 -9.556621930978650425e+00
3.000000000000000000e+00 7.250000000000000000e+00 -9.393765775555525721e+00
3.250000000000000000e+00 7.250000000000000000e+00 -9.241080151666869469e+00
3.500000000000000000e+00 7.250000000000000000e+00 -9.130303379361592420e+00
3.750000000000000000e+00 7.250000000000000000e+00 -9.082926418816992253e+00
4.000000000000000000e+00 7.250000000000000000e+00 -9.104931102006142751e+00
4.250000000000000000e+00 7.250000000000000000e+00 -9.185325539924734883e+00
4.500000000000000000e+00 7.250000000000000000e+00 -9.298835288767559604e+00
4.750000000000000000e+00 7.250000000000000000e+00 -9.412091383716735038e+00
5.000000000000000000e+00 7.250000000000000000e+00 -9.491800193854922796e+00
5.250000000000000000e+00 7.250000000000000000e+00 -9.512894832786928490e+00
5.500000000000000000e+00 7.250000000000000000e+00 -9.464672375359008072e+00
5.750000000000000000e+00 7.250000000000000000e+00 -9.353414275779838860e+00
6.000000000000000000e+00 7.250000000000000000e+00 -9.200848417396738199e+00
6.250000000000000000e+00 7.250000000000000000e+00 -9.038829337979594314e+00
6.500000000000000000e+00 7.250000000000000000e+00 -8.901539096896467385e+00
6.750000000000000000e+00 7.250000000000000000e+00 -8.817118283900395426e+00
7.000000000000000000e+00 7.250000000000000000e+00 -8.800776190454904224e+00
7.250000000000000000e+00 7.250000000000000000e+00 -8.851067013948862083e+00
7.500000000000000000e+00 7.250000000000000000e+00 -8.950243809880515045e+00
7.750000000000000000e+00 7.250000000000000000e+00 -9.068603532171437109e+00
0.000000000000000000e+00 7.500000000000000000e+00 -9.754556745606207002e+00
2.500000000000000000e-01 7.500000000000000000e+00 -9.706476143200806206e+00
5.000000000000000000e-01 7.500000000000000000e+00 -9.692426203115358518e+00
7.500000000000000000e-01 7.500000000000000000e+00 -9.720420642796019806e+00
1.000000000000000000e+00 7.500000000000000000e+00 -9.788187777547726398e+00
1.250000000000000000e+00 7.500000000000000000e+00 -9.883726724077442682e+00
1.500000000000000000e+00 7.500000000000000000e+00 -9.988245651201520303e+00
1.750000000000000000e+00 7.500000000000000000e+00 -1.008076269146895321e+01
2.000000000000000000e+00 7.500000000000000000e+00 -1.014324305007283833e+01
2.250000000000000000e+00 7.500000000000000000e+00 -1.016501456762562583e+01
2.500000000000000000e+00 7.500000000000000000e+00 -1.014538065303270464e+01
2.750000000000000000e+00 7.500000000000000000e+00 -1.009379084936768045e+01
3.000000000000000000e+00 7.500000000000000000e+00 -1.002752727227448304e+01
3.250000000000000000e+00 7.500000000000000000e+00 -9.967473361463749626e+00
3.500000000000000000e+00 7.500000000000000000e+00 -9.933000902507236773e+00
3.750000000000000000e+00 7.500000000000000000e+00 -9.937227154316355282e+00
4.000000000000000000e+00 7.500000000000000000e+00 -9.983803302911594457e+00
4.250000000000000000e+00 7.500000000000000000e+00 -1.006602054000676283e+01
4.500000000000000000e+00 7.500000000000000000e+00 -1.016845262954724838e+01
4.750000000000000000e+00 7.500000000000000000e+00 -1.027073280462728633e+01
5.000000000000000000e+00 7.500000000000000000e+00 -1.035254027869708082e+01
5.250000000000000000e+00 7.500000000000000000e+00 -1.039857549920561297e+01
5.500000000000000000e+00 7.500000000000000000e+00 -1.040230602806950699e+01
5.750000000000000000e+00 7.500000000000000000e+00 -1.036756592678692890e+01
6.000000000000000000e+00 7.500000000000000000e+00 -1.030761706094036256e+01
6.250000000000000000e+00 7.500000000000000000e+00 -1.024190214948402833e+01
6.500000000000000000e+00 7.500000000000000000e+00 -1.019128452559193931e+01
6.750000000000000000e+00 7.500000000000000000e+00 -1.017294008163008634e+01
7.000000000000000000e+00 7.500000000000000000e+00 -1.019615202827333889e+01
7.250000000000000000e+00 7.500000000000000000e+00 -1.026003805739817842e+01
7.500000000000000000e+00 7.500000000000000000e+00 -1.035376637854313664e+01
7.750000000000000000e+00 7.500000000000000000e+00 -1.045920773567695683e+01
0.000000000000000000e+00 7.750000000000000000e+00 -9.926505974686255840e+00
2.500000000000000000e-01 7.750000000000000000e+00 -9.966319839644942391e+00
5.000000000000000000e-01 7.750000000000000000e+00 -1.001667076067500695e+01
7.500000000000000000e-01 7.750000000000000000e+00 -1.007996043469110781e+01
1.000000000000000000e+00 7.750000000000000000e+00 -1.015551077351227249e+01
1.250000000000000000e+00 7.750000000000000000e+00 -1.023973045012177074e+01
1.500000000000000000e+00 7.750000000000000000e+00 -1.032699471054564633e+01
1.750000000000000000e+00 7.750000000000000000e+00 -1.041102304273634971e+01
2.000000000000000000e+00 7.750000000000000000e+00 -1.048641740108980791e+01
2.250000000000000000e+00 7.750000000000000000e+00 -1.054998437560578317e+01
2.500000000000000000e+00 7.750000000000000000e+00 -1.060151759258794080e+01
2.750000000000000000e+00 7.750000000000000000e+00 -1.064384878792436595e+01
3.000000000000000000e+00 7.750000000000000000e+00 -1.068215504844762265e+01
3.250000000000000000e+00 7.750000000000000000e+00 -1.072269183286969607e+01
3.500000000000000000e+00 7.750000000000000000e+00 -1.077126197297408083e+01
3.750000000000000000e+00 7.750000000000000000e+00 -1.083179549698830080e+01
4.000000000000000000e+00 7.750000000000000000e+00 -1.090538798392560693e+01
4.250000000000000000e+00 7.750000000000000000e+00 -1.099003289331151478e+01
4.500000000000000000e+00 7.750000000000000000e+00 -1.108111340533354827e+01
4.750000000000000000e+00 7.750000000000000000e+00 -1.117253335181227669e+01
5.000000000000000000e+00 7.750000000000000000e+00 -1.125821034666961751e+01
5.250000000000000000e+00 7.750000000000000000e+00 -1.133356554550157114e+01
5.500000000000000000e+00 7.750000000000000000e+00 -1.139664528917530006e+01
5.750000000000000000e+00 7.750000000000000000e+00 -1.144860001400010496e+01
6.000000000000000000e+00 7.750000000000000000e+00 -1.149340317458058358e+01
6.250000000000000000e+00 7.750000000000000000e+00 -1.153687899686154772e+01
6.500000000000000000e+00 7.750000000000000000e+00 -1.158527710134853095e+01
6.750000000000000000e+00 7.750000000000000000e+00 -1.164374297847258077e+01
7.000000000000000000e+00 7.750000000000000000e+00 -1.171505879709534526e+01
7.250000000000000000e+00 7.750000000000000000e+00 -1.179896284016976438e+01
7.500000000000000000e+00 7.750000000000000000e+00 -1.189221419346370112e+01
7.750000000000000000e+00 7.750000000000000000e+00 -1.198938684931259857e+01
